  {"ENTRY":"14820", "updated":20240829, "TransID":"1514", "TransDate":20241129, "CenterID":"NNDC", "Center":"US National Nuclear Data Center, Brookhaven, USA"
   ,"y1":2023,"a1":"K.J.Kelly+","r1":"J,PR/C,108,014603,2023","doi1":"10.1103/PhysRevC.108.014603"
   ,"ref":"Jour: Physical Review, Part C, Nuclear Physics, Vol.108, p.014603 (2023)"
   ,"title":"Measurement of the cross section of the Q=4.4398 MeV 12C(n,n`gamma) reaction from threshold to 16.5 MeV using gamma and correlated n-gamma detection"
   ,"x4subents":[
   {"SUBENT":"14820001", "isub":1, "compiled":20240829, "TransID":"1514", "TransDate":20241129
    ,"BIB":{
      "TITLE":[
	{"x4pointer":" "
	 ,"x4code":null
	,"x4freetext":["Measurement of the cross section of the Q=4.4398 MeV"
		,"12C(n,n`gamma) reaction from threshold to 16.5 MeV"
		,"using gamma and correlated n-gamma detection"]
	}
      ]
     ,"AUTHOR":[
	{"x4pointer":" "
	 ,"x4codes":[{"name":"K.J.Kelly","ini":"K.J.","nam":"Kelly"}
	    ,{"name":"M.Devlin","ini":"M.","nam":"Devlin"}
	    ,{"name":"J.M.O`Donnell","ini":"J.M.","nam":"O`donnell"}
	    ,{"name":"E.A.Bennett","ini":"E.A.","nam":"Bennett"}
	    ,{"name":"M.Paris","ini":"M.","nam":"Paris"}
	    ,{"name":"P.A.Copp","ini":"P.A.","nam":"Copp"}]
	}
      ]
     ,"REFERENCE":[
	{"x4pointer":" "
	 ,"x4codes":[{"code":"J,PR/C,108,014603,2023","stdFileName":"J,PR_C,108,014603,2023"
		,"year":2023,"typ":"J","ref":"J,PR/C","vol":"108","p":"014603"
		,"DOI":"10.1103/PhysRevC.108.014603"
		,"shortRef":"Jour: Physical Review, Part C, Nuclear Physics, Vol.108, p.014603 (2023)"}]
	,"x4freetext":["#doi:10.1103/PhysRevC.108.014603"]
	}
      ]
     ,"REL-REF":[
	{"x4pointer":" "
	 ,"x4codes":[{"code":"I,14726001,K.J.Kelly+,J,PR/C,104,064614,2021"
		,"flag":{"code":"I", "hlp":" Reference to related data compiled in another entry"}
		,"subent":"14726001","author1":"K.J.Kelly+","stdFileName":"J,PR_C,104,064614,2021"
		,"year":2021,"typ":"J","ref":"J,PR/C","vol":"104","p":"064614"
		,"shortRef":"Jour: Physical Review, Part C, Nuclear Physics, Vol.104, p.064614 (2021)"}]
	}
	,{"x4pointer":" "
	 ,"x4codes":[{"code":"I,14682001,K.J.Kelly+,J,PR/C,102,034615,2020"
		,"flag":{"code":"I", "hlp":" Reference to related data compiled in another entry"}
		,"subent":"14682001","author1":"K.J.Kelly+","stdFileName":"J,PR_C,102,034615,2020"
		,"year":2020,"typ":"J","ref":"J,PR/C","vol":"102","p":"034615"
		,"shortRef":"Jour: Physical Review, Part C, Nuclear Physics, Vol.102, p.034615 (2020)"}]
	}
      ]
     ,"INSTITUTE":[
	{"x4pointer":" "
	 ,"x4codes":[{"code":"1USALAS", "dict":"INSTITUTE", "idict":3,"hlp":"Los Alamos National Laboratory, NM, United States of America"}]
	}
      ]
     ,"FACILITY":[
	{"x4pointer":" "
	 ,"x4codes":[{"code":"LINAC", "dict":"FACILITY", "idict":18,"hlp":"Linear accelerator"}
	    ,{"code":"1USALAS", "dict":"INSTITUTE", "idict":3,"hlp":"Los Alamos National Laboratory, NM, United States of America"}]
	,"x4freetext":[" The Weapons Neutron Research (WNR)"
		,"facility at the Los Alamos Neutron Science Center"
		," (LANSCE)."]
	}
      ]
     ,"DETECTOR":[
	{"x4pointer":" "
	 ,"x4codes":[{"code":"SCIN", "dict":"DETECTOR", "idict":22,"hlp":"Scintillation detector"}]
	,"x4freetext":[" 54-element EJ-309 liquid scintillator array"
		,"each of which was mounted to a R4144 Hamamatsu"
		,"photomultiplier tube."]
	}
      ]
     ,"SAMPLE":[
	{"x4pointer":" "
	 ,"x4code":null
	,"x4freetext":["The target was an approximately 2.5 cm diameter by"
		,"2.5 cm thickness cylinder, with a total mass of"
		,"approximately 26 g. The diameter of the circular"
		,"profile of the incident neutron beam was 1.5 cm, and"
		,"thus safely within the diameter of the target itself."]
	}
      ]
     ,"METHOD":[
	{"x4pointer":" "
	 ,"x4codes":[{"code":"TOF", "dict":"METHOD", "idict":21,"hlp":"Time-of-flight"}
	    ,{"code":"PSD", "dict":"METHOD", "idict":21,"hlp":"Pulse-shape discrimination"}
	    ,{"code":"COINC", "dict":"METHOD", "idict":21,"hlp":"Coincidence"}]
	,"x4freetext":[" Both measurements were carried out at"
		,"the 15L flight path at the Los Alamos Neutron Science"
		,"Center. The WNR white neutron source is generated via"
		,"spallation of 800 MeV protons incident on a tungsten"
		,"target. Neutrons emitted 15 degree to the left of the"
		,"incident proton beam were collimated and allowed to"
		,"impinge on a machined graphite target of natural"
		,"carbon isotopic abundance after a 21.5 m flight path."
		,"It is a spectrum shape measurement when ENDF/B-VIII.0"
		,"values were used for calibration."]
	}
      ]
     ,"ERR-ANALYS":[
	{"x4pointer":" "
	 ,"x4code":{"header":"ERR-T"
	     ,"headerHelp":"Total uncertainty (1-Sigma)"}
	,"x4freetext":["  Combined statistical and systematic errors."]
	}
      ]
     ,"CORRECTION":[
	{"x4pointer":" "
	 ,"x4code":null
	,"x4freetext":["No corrections for gamma-ray efficiency were"
		,"employed. Corrections for the gamma transit time."]
	}
      ]
     ,"MONITOR":[
	{"x4pointer":" "
	 ,"x4code":{"code":"6-C-12(N,INL)6-C-12,,SIG"
		,"reaction":"6-C-12(N,INL)6-C-12,,SIG"}
	}
      ]
     ,"MONIT-REF":[
	{"x4pointer":" "
	 ,"x4codes":[{"code":"(MONIT),D.A.Brown+,J,NDS,148,1,2018"
		,"heading":"MONIT","author1":"D.A.Brown+","stdFileName":"J,NDS,148,1,2018"
		,"year":2018,"typ":"J","ref":"J,NDS","vol":"148","p":"1"
		,"shortRef":"Jour: Nuclear Data Sheets, Vol.148, p.1 (2018)"}]
	}
      ]
     ,"HISTORY":[
	{"x4pointer":" "
	 ,"x4code":{"code":"20240829C", "date":"20240829", "act":"C", "dict":"HISTORY", "idict":15
	     ,"actHelp":"Compiled at the data center"}
	,"x4freetext":[" BP"]
	}
      ]
    }
   }
  ,{"SUBENT":"14820002", "isub":2, "compiled":20240829, "TransID":"1514", "TransDate":20241129
    ,"BIB":{
      "REACTION":[
	{"x4pointer":" "
	 ,"x4code":{"code":"6-C-12(N,INL)6-C-12,,SIG"
	    ,"c4reac":"(N,INL),SIG"
	    ,"combi":"a"
	    ,"MF":3
	    ,"MT":4
	    ,"Units":"B"
	    ,"reacs": [
	    {"code":"6-C-12(N,INL)6-C-12,,SIG"
		,"Reac":"N,INL"
		,"SF1":"6-C-12","Targ":{"code":"6-C-12","nam":"C-12","ZA":6012}
		,"SF2":"N","Proj":{"code":"N","nam":"n","ZA":1}
		,"SF3":"INL","procHlp":"Inelastic scattering"
		,"SF4":"6-C-12","Prod":{"code":"6-C-12","nam":"C-12","ZA":6012}
		,"SF6":"SIG"
		,"SF58":",SIG","Quant":"CS","BasicUnits":"B","QuantHlp":"Cross section"
	    }]}
	}
      ]
     ,"PART-DET":[
	{"x4pointer":" "
	 ,"x4codes":["N","G"]
	}
      ]
     ,"METHOD":[
	{"x4pointer":" "
	 ,"x4codes":[{"code":"COINC", "dict":"METHOD", "idict":21,"hlp":"Coincidence"}]
	,"x4freetext":[" The cross section was measured using a white"
		,"incident neutron source through the detection of"
		,"n-gamma coincidences using a segmented liquid"
		,"scintillator detector array."]
	}
      ]
     ,"COVARIANCE":[
	{"x4pointer":" "
	 ,"x4code":null
	,"x4freedata":[{"name": "14820002.NO-DIM (COR)"
	, "lx":40, "ly":40, "lz":1600, "xm":1.0, "ym":1.0, "zm":0.01
	, "xunit":"EN", "yunit":"EN", "zunit":"COR"
	, "xname":"MEV", "yname":"MEV", "zname":"NO-DIM", "comment":""
	, "xarr":[ 6.68388, 6.83957, 6.99888, 7.16191, 7.32873, 7.49944, 7.67412, 7.85288, 8.03579, 8.22297, 8.41451, 8.61051, 8.81107, 9.01631, 9.22633, 9.44123, 9.66115, 9.88619, 10.1165, 10.3521, 10.5932, 10.84, 11.0925, 11.3509, 11.6153, 11.8858, 12.1627, 12.446, 12.7359, 13.0325, 13.3361, 13.6467, 13.9646, 14.2899, 14.6227, 14.9633, 15.3119, 15.6685, 16.0335, 16.407]
	, "yarr":[ 6.68388, 6.83957, 6.99888, 7.16191, 7.32873, 7.49944, 7.67412, 7.85288, 8.03579, 8.22297, 8.41451, 8.61051, 8.81107, 9.01631, 9.22633, 9.44123, 9.66115, 9.88619, 10.1165, 10.3521, 10.5932, 10.84, 11.0925, 11.3509, 11.6153, 11.8858, 12.1627, 12.446, 12.7359, 13.0325, 13.3361, 13.6467, 13.9646, 14.2899, 14.6227, 14.9633, 15.3119, 15.6685, 16.0335, 16.407]
	, "zarr":[
	   [  1.0,0.44198,0.434751,0.437333,0.447627,0.441269,0.458142,0.456377,0.462113,0.444661,0.428006,0.425494,0.422332,0.423059,0.421248,0.417841,0.421202,0.413473,0.406402,0.406951,0.410673,0.392381,0.386154,0.378351,0.35121,0.343369,0.332819,0.336512,0.32099,0.309727,0.301287,0.293969,0.304121,0.282674,0.288562,0.283979,0.257023,0.243408,0.212757,0.189668]
	  ,[0.44198,  1.0,0.558619,0.561938,0.575164,0.566995,0.513275,0.511297,0.517723,0.51352,0.494286,0.491385,0.471756,0.472568,0.470546,0.46674,0.461414,0.452947,0.4452,0.445802,0.449879,0.43274,0.425872,0.417267,0.386285,0.377661,0.366058,0.36933,0.352293,0.339932,0.330669,0.321778,0.332891,0.309415,0.316221,0.311198,0.281659,0.267171,0.233527,0.207972]
	  ,[0.434751,0.558619,  1.0,0.552746,0.565756,0.557721,0.50488,0.502934,0.509255,0.50512,0.486201,0.483347,0.464039,0.464838,0.462849,0.459105,0.453866,0.445538,0.437918,0.43851,0.442521,0.425662,0.418907,0.410442,0.379967,0.371484,0.360071,0.363289,0.346531,0.334372,0.32526,0.316515,0.327446,0.304354,0.311049,0.306108,0.277052,0.262801,0.229707,0.20457]
	  ,[0.437333,0.561938,0.552746,  1.0,0.569118,0.561034,0.507879,0.505922,0.512281,0.508121,0.48909,0.486219,0.466796,0.4676,0.465599,0.461833,0.456563,0.448185,0.44052,0.441116,0.44515,0.428191,0.421395,0.412881,0.382225,0.373691,0.36221,0.365447,0.34859,0.336359,0.327193,0.318396,0.329391,0.306162,0.312897,0.307926,0.278698,0.264362,0.231072,0.205786]
	  ,[0.447627,0.575164,0.565756,0.569118,  1.0,0.57424,0.519833,0.51783,0.524339,0.520081,0.500602,0.497663,0.477783,0.478606,0.476558,0.472703,0.467309,0.458734,0.450889,0.451499,0.455627,0.43827,0.431314,0.422599,0.391221,0.382487,0.370736,0.374049,0.356795,0.344276,0.334894,0.32589,0.337144,0.313368,0.320261,0.315174,0.285258,0.270584,0.236511,0.210629]
	  ,[0.441269,0.566995,0.557721,0.561034,0.57424,  1.0,0.51245,0.510475,0.516891,0.512695,0.493492,0.490595,0.470997,0.471808,0.469789,0.465989,0.460672,0.452219,0.444485,0.445086,0.449156,0.432045,0.425188,0.416596,0.385664,0.377054,0.36547,0.368736,0.351727,0.339386,0.330137,0.321261,0.332356,0.308918,0.315713,0.310698,0.281206,0.266741,0.233151,0.207638]
	  ,[0.458142,0.513275,0.50488,0.507879,0.519833,0.51245,  1.0,0.647038,0.65517,0.53873,0.518552,0.515509,0.52209,0.522989,0.520751,0.516539,0.490371,0.481373,0.47314,0.47378,0.478112,0.453537,0.446339,0.437321,0.407597,0.398497,0.386254,0.390207,0.372207,0.359148,0.349361,0.340074,0.351819,0.327008,0.334807,0.329488,0.298213,0.283341,0.247661,0.220616]
	  ,[0.456377,0.511297,0.502934,0.505922,0.51783,0.510475,0.647038,  1.0,0.652645,0.536654,0.516554,0.513522,0.520079,0.520974,0.518745,0.514549,0.488481,0.479518,0.471317,0.471954,0.47627,0.45179,0.44462,0.435635,0.406026,0.396961,0.384765,0.388703,0.370773,0.357764,0.348014,0.338764,0.350463,0.325748,0.333516,0.328219,0.297064,0.282249,0.246707,0.219766]
	  ,[0.462113,0.517723,0.509255,0.512281,0.524339,0.516891,0.65517,0.652645,  1.0,0.543399,0.523046,0.519976,0.526615,0.527522,0.525264,0.521016,0.494621,0.485545,0.477241,0.477886,0.482256,0.457468,0.450208,0.441111,0.411129,0.40195,0.389601,0.393588,0.375433,0.36226,0.352388,0.343022,0.354868,0.329842,0.337708,0.332344,0.300797,0.285797,0.249807,0.222528]
	  ,[0.444661,0.51352,0.50512,0.508121,0.520081,0.512695,0.53873,0.536654,0.543399,  1.0,0.633129,0.629413,0.520433,0.521329,0.519098,0.5149,0.512385,0.502983,0.494381,0.49505,0.499577,0.447933,0.440824,0.431917,0.407983,0.398874,0.38662,0.385825,0.368028,0.355115,0.345438,0.337418,0.349071,0.324454,0.331564,0.326298,0.295325,0.279829,0.244592,0.217769]
	  ,[0.428006,0.494286,0.486201,0.48909,0.500602,0.493492,0.518552,0.516554,0.523046,0.633129,  1.0,0.605838,0.50094,0.501803,0.499656,0.495614,0.493194,0.484144,0.475864,0.476507,0.480865,0.431156,0.424313,0.415739,0.392702,0.383934,0.372139,0.371374,0.354244,0.341814,0.3325,0.32478,0.335996,0.312301,0.319146,0.314076,0.284264,0.269348,0.23543,0.209612]
	  ,[0.425494,0.491385,0.483347,0.486219,0.497663,0.490595,0.515509,0.513522,0.519976,0.629413,0.605838,  1.0,0.498,0.498858,0.496723,0.492705,0.490299,0.481302,0.473071,0.473711,0.478043,0.428625,0.421823,0.413299,0.390397,0.381681,0.369954,0.369195,0.352164,0.339808,0.330548,0.322874,0.334024,0.310468,0.317272,0.312233,0.282595,0.267767,0.234049,0.208382]
	  ,[0.422332,0.471756,0.464039,0.466796,0.477783,0.470997,0.52209,0.520079,0.526615,0.520433,0.50094,0.498,  1.0,0.598467,0.595906,0.591087,0.477944,0.469174,0.46115,0.461773,0.465996,0.4352,0.428293,0.419638,0.376828,0.368415,0.357096,0.365516,0.348656,0.336422,0.327255,0.319386,0.330415,0.307114,0.313807,0.308822,0.279508,0.265453,0.232026,0.206664]
	  ,[0.423059,0.472568,0.464838,0.4676,0.478606,0.471808,0.522989,0.520974,0.527522,0.521329,0.501803,0.498858,0.598467,  1.0,0.596932,0.592104,0.478767,0.469982,0.461944,0.462568,0.466799,0.435949,0.42903,0.420361,0.377477,0.369049,0.357711,0.366145,0.349256,0.337002,0.327818,0.319936,0.330984,0.307643,0.314347,0.309354,0.27999,0.26591,0.232425,0.20702]
	  ,[0.421248,0.470546,0.462849,0.465599,0.476558,0.469789,0.520751,0.518745,0.525264,0.519098,0.499656,0.496723,0.595906,0.596932,  1.0,0.58957,0.476718,0.46797,0.459967,0.460589,0.464801,0.434083,0.427194,0.418562,0.375861,0.36747,0.35618,0.364579,0.347762,0.335559,0.326415,0.318566,0.329568,0.306326,0.313002,0.30803,0.278791,0.264772,0.23143,0.206134]
	  ,[0.417841,0.46674,0.459105,0.461833,0.472703,0.465989,0.516539,0.514549,0.521016,0.5149,0.495614,0.492705,0.591087,0.592104,0.58957,  1.0,0.472862,0.464185,0.456247,0.456864,0.461042,0.430572,0.423739,0.415177,0.372821,0.364498,0.353299,0.36163,0.344949,0.332845,0.323775,0.31599,0.326902,0.303849,0.31047,0.305538,0.276536,0.262631,0.229559,0.204467]
	  ,[0.421202,0.461414,0.453866,0.456563,0.467309,0.460672,0.490371,0.488481,0.494621,0.512385,0.493194,0.490299,0.477944,0.478767,0.476718,0.472862,  1.0,0.578047,0.568161,0.568929,0.574132,0.44814,0.441027,0.432116,0.418001,0.408669,0.396114,0.365648,0.348782,0.336544,0.327373,0.316117,0.327034,0.303971,0.311262,0.306318,0.277242,0.263106,0.229974,0.204766]
	  ,[0.413473,0.452947,0.445538,0.448185,0.458734,0.452219,0.481373,0.479518,0.485545,0.502983,0.484144,0.481302,0.469174,0.469982,0.46797,0.464185,0.578047,  1.0,0.557735,0.558489,0.563596,0.439917,0.432935,0.424187,0.410331,0.40117,0.388845,0.358939,0.342382,0.330368,0.321366,0.310316,0.321033,0.298393,0.30555,0.300697,0.272154,0.258278,0.225754,0.201009]
	  ,[0.406402,0.4452,0.437918,0.44052,0.450889,0.444485,0.47314,0.471317,0.477241,0.494381,0.475864,0.473071,0.46115,0.461944,0.459967,0.456247,0.568161,0.557735,  1.0,0.548938,0.553958,0.432393,0.42553,0.416932,0.403313,0.394309,0.382195,0.3528,0.336526,0.324718,0.315869,0.305009,0.315542,0.29329,0.300325,0.295554,0.2675,0.25386,0.221893,0.197571]
	  ,[0.406951,0.445802,0.43851,0.441116,0.451499,0.445086,0.47378,0.471954,0.477886,0.49505,0.476507,0.473711,0.461773,0.462568,0.460589,0.456864,0.568929,0.558489,0.548938,  1.0,0.554707,0.432978,0.426106,0.417496,0.403859,0.394842,0.382712,0.353277,0.336981,0.325157,0.316297,0.305422,0.315969,0.293687,0.300731,0.295954,0.267862,0.254204,0.222193,0.197838]
	  ,[0.410673,0.449879,0.442521,0.44515,0.455627,0.449156,0.478112,0.47627,0.482256,0.499577,0.480865,0.478043,0.465996,0.466799,0.464801,0.461042,0.574132,0.563596,0.553958,0.554707,  1.0,0.436937,0.430003,0.421314,0.407552,0.398453,0.386211,0.356508,0.340063,0.328131,0.319189,0.308215,0.318859,0.296372,0.303481,0.29866,0.270311,0.256528,0.224225,0.199648]
	  ,[0.392381,0.43274,0.425662,0.428191,0.43827,0.432045,0.453537,0.45179,0.457468,0.447933,0.431156,0.428625,0.4352,0.435949,0.434083,0.430572,0.44814,0.439917,0.432393,0.432978,0.436937,  1.0,0.555086,0.54387,0.376649,0.368241,0.356927,0.370923,0.353814,0.341399,0.332096,0.292973,0.303091,0.281716,0.292275,0.287632,0.26033,0.246592,0.21554,0.191757]
	  ,[0.386154,0.425872,0.418907,0.421395,0.431314,0.425188,0.446339,0.44462,0.450208,0.440824,0.424313,0.421823,0.428293,0.42903,0.427194,0.423739,0.441027,0.432935,0.42553,0.426106,0.430003,0.555086,  1.0,0.535238,0.370672,0.362396,0.351262,0.365037,0.348198,0.335981,0.326825,0.288323,0.29828,0.277245,0.287636,0.283067,0.256198,0.242679,0.212119,0.188713]
	  ,[0.378351,0.417267,0.410442,0.412881,0.422599,0.416596,0.437321,0.435635,0.441111,0.431917,0.415739,0.413299,0.419638,0.420361,0.418562,0.415177,0.432116,0.424187,0.416932,0.417496,0.421314,0.54387,0.535238,  1.0,0.363182,0.355074,0.344165,0.357661,0.341163,0.329192,0.320221,0.282497,0.292253,0.271643,0.281824,0.277347,0.251021,0.237775,0.207833,0.1849]
	  ,[0.35121,0.386285,0.379967,0.382225,0.391221,0.385664,0.407597,0.406026,0.411129,0.407983,0.392702,0.390397,0.376828,0.377477,0.375861,0.372821,0.418001,0.410331,0.403313,0.403859,0.407552,0.376649,0.370672,0.363182,  1.0,0.519045,0.503098,0.288612,0.275299,0.26564,0.258401,0.27721,0.286783,0.266559,0.258242,0.25414,0.230017,0.215739,0.188572,0.170884]
	  ,[0.343369,0.377661,0.371484,0.373691,0.382487,0.377054,0.398497,0.396961,0.40195,0.398874,0.383934,0.381681,0.368415,0.369049,0.36747,0.364498,0.408669,0.40117,0.394309,0.394842,0.398453,0.368241,0.362396,0.355074,0.519045,  1.0,0.491866,0.282169,0.269153,0.259709,0.252632,0.271021,0.280381,0.260608,0.252476,0.248466,0.224881,0.210923,0.184362,0.167069]
	  ,[0.332819,0.366058,0.360071,0.36221,0.370736,0.36547,0.386254,0.384765,0.389601,0.38662,0.372139,0.369954,0.357096,0.357711,0.35618,0.353299,0.396114,0.388845,0.382195,0.382712,0.386211,0.356927,0.351262,0.344165,0.503098,0.491866,  1.0,0.2735,0.260884,0.25173,0.24487,0.262695,0.271767,0.252601,0.24472,0.240832,0.217972,0.204442,0.178698,0.161936]
	  ,[0.336512,0.36933,0.363289,0.365447,0.374049,0.368736,0.390207,0.388703,0.393588,0.385825,0.371374,0.369195,0.365516,0.366145,0.364579,0.36163,0.365648,0.358939,0.3528,0.353277,0.356508,0.370923,0.365037,0.357661,0.288612,0.282169,0.2735,  1.0,0.395822,0.381933,0.371525,0.235459,0.243591,0.226412,0.268146,0.263886,0.238838,0.21269,0.185907,0.163597]
	  ,[0.32099,0.352293,0.346531,0.34859,0.356795,0.351727,0.372207,0.370773,0.375433,0.368028,0.354244,0.352164,0.348656,0.349256,0.347762,0.344949,0.348782,0.342382,0.336526,0.336981,0.340063,0.353814,0.348198,0.341163,0.275299,0.269153,0.260884,0.395822,  1.0,0.364316,0.354388,0.224598,0.232354,0.215969,0.255777,0.251714,0.227821,0.20288,0.177332,0.156051]
	  ,[0.309727,0.339932,0.334372,0.336359,0.344276,0.339386,0.359148,0.357764,0.36226,0.355115,0.341814,0.339808,0.336422,0.337002,0.335559,0.332845,0.336544,0.330368,0.324718,0.325157,0.328131,0.341399,0.335981,0.329192,0.26564,0.259709,0.25173,0.381933,0.364316,  1.0,0.341953,0.216718,0.224202,0.208391,0.246802,0.242882,0.219828,0.195761,0.17111,0.150575]
	  ,[0.301287,0.330669,0.32526,0.327193,0.334894,0.330137,0.349361,0.348014,0.352388,0.345438,0.3325,0.330548,0.327255,0.327818,0.326415,0.323775,0.327373,0.321366,0.315869,0.316297,0.319189,0.332096,0.326825,0.320221,0.258401,0.252632,0.24487,0.371525,0.354388,0.341953,  1.0,0.210812,0.218092,0.202712,0.240077,0.236263,0.213837,0.190426,0.166447,0.146472]
	  ,[0.293969,0.321778,0.316515,0.318396,0.32589,0.321261,0.340074,0.338764,0.343022,0.337418,0.32478,0.322874,0.319386,0.319936,0.318566,0.31599,0.316117,0.310316,0.305009,0.305422,0.308215,0.292973,0.288323,0.282497,0.27721,0.271021,0.262695,0.235459,0.224598,0.216718,0.210812,  1.0,0.284105,0.26407,0.220116,0.21662,0.196058,0.192292,0.168077,0.145713]
	  ,[0.304121,0.332891,0.327446,0.329391,0.337144,0.332356,0.351819,0.350463,0.354868,0.349071,0.335996,0.334024,0.330415,0.330984,0.329568,0.326902,0.327034,0.321033,0.315542,0.315969,0.318859,0.303091,0.29828,0.292253,0.286783,0.280381,0.271767,0.243591,0.232354,0.224202,0.218092,0.284105,  1.0,0.273189,0.227718,0.224101,0.202829,0.198932,0.173882,0.150746]
	  ,[0.282674,0.309415,0.304354,0.306162,0.313368,0.308918,0.327008,0.325748,0.329842,0.324454,0.312301,0.310468,0.307114,0.307643,0.306326,0.303849,0.303971,0.298393,0.29329,0.293687,0.296372,0.281716,0.277245,0.271643,0.266559,0.260608,0.252601,0.226412,0.215969,0.208391,0.202712,0.26407,0.273189,  1.0,0.211659,0.208297,0.188525,0.184903,0.161619,0.140115]
	  ,[0.288562,0.316221,0.311049,0.312897,0.320261,0.315713,0.334807,0.333516,0.337708,0.331564,0.319146,0.317272,0.313807,0.314347,0.313002,0.31047,0.311262,0.30555,0.300325,0.300731,0.303481,0.292275,0.287636,0.281824,0.258242,0.252476,0.24472,0.268146,0.255777,0.246802,0.240077,0.220116,0.227718,0.211659,  1.0,0.270277,0.244622,0.182221,0.159275,0.147049]
	  ,[0.283979,0.311198,0.306108,0.307926,0.315174,0.310698,0.329488,0.328219,0.332344,0.326298,0.314076,0.312233,0.308822,0.309354,0.30803,0.305538,0.306318,0.300697,0.295554,0.295954,0.29866,0.287632,0.283067,0.277347,0.25414,0.248466,0.240832,0.263886,0.251714,0.242882,0.236263,0.21662,0.224101,0.208297,0.270277,  1.0,0.240737,0.179327,0.156745,0.144713]
	  ,[0.257023,0.281659,0.277052,0.278698,0.285258,0.281206,0.298213,0.297064,0.300797,0.295325,0.284264,0.282595,0.279508,0.27999,0.278791,0.276536,0.277242,0.272154,0.2675,0.267862,0.270311,0.26033,0.256198,0.251021,0.230017,0.224881,0.217972,0.238838,0.227821,0.219828,0.213837,0.196058,0.202829,0.188525,0.244622,0.240737,  1.0,0.162305,0.141867,0.130976]
	  ,[0.243408,0.267171,0.262801,0.264362,0.270584,0.266741,0.283341,0.282249,0.285797,0.279829,0.269348,0.267767,0.265453,0.26591,0.264772,0.262631,0.263106,0.258278,0.25386,0.254204,0.256528,0.246592,0.242679,0.237775,0.215739,0.210923,0.204442,0.21269,0.20288,0.195761,0.190426,0.192292,0.198932,0.184903,0.182221,0.179327,0.162305,  1.0,0.193192,0.122923]
	  ,[0.212757,0.233527,0.229707,0.231072,0.236511,0.233151,0.247661,0.246707,0.249807,0.244592,0.23543,0.234049,0.232026,0.232425,0.23143,0.229559,0.229974,0.225754,0.221893,0.222193,0.224225,0.21554,0.212119,0.207833,0.188572,0.184362,0.178698,0.185907,0.177332,0.17111,0.166447,0.168077,0.173882,0.161619,0.159275,0.156745,0.141867,0.193192,  1.0,0.107444]
	  ,[0.189668,0.207972,0.20457,0.205786,0.210629,0.207638,0.220616,0.219766,0.222528,0.217769,0.209612,0.208382,0.206664,0.20702,0.206134,0.204467,0.204766,0.201009,0.197571,0.197838,0.199648,0.191757,0.188713,0.1849,0.170884,0.167069,0.161936,0.163597,0.156051,0.150575,0.146472,0.145713,0.150746,0.140115,0.147049,0.144713,0.130976,0.122923,0.107444,  1.0]]}
      ]
	}
      ]
     ,"STATUS":[
	{"x4pointer":" "
	 ,"x4code":{"code":"COREL,14820003"
		,"flag":"COREL", "hlp":"Data correlated with another data set"
		,"subent":"14820003"
		}
	,"x4freetext":[" Data from detection of gamma only."]
	}
	,{"x4pointer":" "
	 ,"x4code":{"code":"TABLE,,K.J.Kelly+,J,PR/C,105,044615,2022"
		,"flag":"TABLE", "hlp":"Data presented by authors"
		,"author1":"K.J.Kelly+","stdFileName":"J,PR_C,105,044615,2022"
		,"year":2022,"typ":"J","ref":"J,PR/C","vol":"105","p":"044615"
		,"shortRef":"Jour: Physical Review, Part C, Nuclear Physics, Vol.105, p.044615 (2022)"}
	,"x4freetext":["Data received from K.J.Kelly on August 27, 2024."]
	}
      ]
    }
    ,"DATA":{"ncols":4, "nrows":40
      ,"x4headers":[
       {"icol":0, "header":"EN", "units":"MEV", "pointer":" "
	,"headerHelp":"Energy of incident projectile, laboratory system", "pFlag":"1000000"
	,"unitsHelp":"MeV","familyCode":"E","convFc":1000000.0,"basicUnits":"EV"}
      ,{"icol":1, "header":"EN-ERR", "units":"MEV", "pointer":" "
	,"headerHelp":"Uncertainty in incident projectile energy", "pFlag":"9110000"
	,"unitsHelp":"MeV","familyCode":"E","convFc":1000000.0,"basicUnits":"EV"}
      ,{"icol":2, "header":"DATA", "units":"B", "pointer":" "
	,"headerHelp":"Value of quantity specified under REACTION", "pFlag":"0001000"
	,"unitsHelp":"barns","familyCode":"B","convFc":1.0,"basicUnits":"B"}
      ,{"icol":3, "header":"ERR-T", "units":"B", "pointer":" "
	,"headerHelp":"Total uncertainty (1-Sigma)", "pFlag":"0009110"
	,"unitsHelp":"barns","familyCode":"B","convFc":1.0,"basicUnits":"B"}
      ]
      ,"datacols":[
	 ["EN"        ,"EN-ERR"    ,"DATA"      ,"ERR-T"     ]
	,["MEV"       ,"MEV"       ,"B"         ,"B"         ]
	,[" "         ," "         ," "         ," "         ]]
      ,"data":[
	 [6.68388,0.0769476,0.193661,0.00291273]
	,[6.83957,0.07874,0.163288,0.00280532]
	,[6.99888,0.0805741,0.164132,0.00274256]
	,[7.16191,0.0824509,0.197801,0.00317918]
	,[7.32873,0.0843714,0.291783,0.00443516]
	,[7.49944,0.0863367,0.315754,0.0047142]
	,[7.67412,0.0883477,0.31353,0.00527124]
	,[7.85288,0.0904056,0.353237,0.00585831]
	,[8.03579,0.0925114,0.476326,0.00767849]
	,[8.22297,0.0946663,0.364638,0.00624014]
	,[8.41451,0.0968713,0.255896,0.00454242]
	,[8.61051,0.0991278,0.250861,0.00448262]
	,[8.81107,0.101437,0.249664,0.00452489]
	,[9.01631,0.1038,0.256774,0.00465823]
	,[9.22633,0.106217,0.274719,0.005019]
	,[9.44123,0.108691,0.278596,0.00514586]
	,[9.66115,0.111223,0.323508,0.0059136]
	,[9.88619,0.113814,0.294025,0.00549145]
	,[10.1165,0.116465,0.274791,0.00523727]
	,[10.3521,0.119178,0.285396,0.00544791]
	,[10.5932,0.121954,0.321172,0.0060935]
	,[10.84,0.124794,0.326194,0.00638863]
	,[11.0925,0.127701,0.308783,0.00617864]
	,[11.3509,0.130676,0.278599,0.0057449]
	,[11.6153,0.13372,0.26334,0.0056879]
	,[11.8858,0.136834,0.255439,0.00561317]
	,[12.1627,0.140022,0.245603,0.00546986]
	,[12.446,0.143283,0.228133,0.00508789]
	,[12.7359,0.146621,0.216358,0.00492666]
	,[13.0325,0.150036,0.217,0.00498551]
	,[13.3361,0.153531,0.212994,0.00487981]
	,[13.6467,0.157107,0.187662,0.00449308]
	,[13.9646,0.160766,0.222384,0.00499461]
	,[14.2899,0.164511,0.191441,0.00459672]
	,[14.6227,0.168343,0.181709,0.00464037]
	,[14.9633,0.172264,0.183446,0.00470447]
	,[15.3119,0.176277,0.163434,0.00460646]
	,[15.6685,0.180383,0.154061,0.00476506]
	,[16.0335,0.184585,0.132864,0.0046857]
	,[16.407,0.188884,0.118412,0.00475109]]}
  ,"datasets":[
{"iDataset":0, "DatasetID":"14820002", "Pointer":" "
 ,"Subent":"14820002", "compiled":20240829, "x4status":"C"
 ,"year1":2023, "author1ini":"K.J.", "author1":"Kelly"
 ,"zTarg1":6 ,"aTarg1":12, "targ1":"C-12", "proj1":"n", "emis1":"INL", "prod1":"C-12", "MF":3, "MT":4
 ,"nExpectedArgs":1 ,"IndepVarFamilyCode":"0 2", "yFormula":"y=DATA(EN)"
 ,"ReactionType":"CS", "quant":"CS", "quantExpan":"Cross section"
 ,"reacode":"6-C-12(N,INL)6-C-12,,SIG"
 ,"compNotes":[]
 ,"wx4data":4
 ,"lx4data":40
 ,"x4data":[
   {"ivar":0, "cvar":"y", "fam":"Data", "ifComm":false, "ifCM":false
    ,"header":"DATA", "units":"B", "basicUnits":"B"
    ,"what":"Y.Value", "dataType":"21", "rank":0.1
    ,"expansion":"Data: data"
    ,"dat0":[0.193661,0.163288,0.164132,0.197801,0.291783,0.315754,0.31353,0.353237,0.476326,0.364638
	,0.255896,0.250861,0.249664,0.256774,0.274719,0.278596,0.323508,0.294025,0.274791,0.285396
	,0.321172,0.326194,0.308783,0.278599,0.26334,0.255439,0.245603,0.228133,0.216358,0.217
	,0.212994,0.187662,0.222384,0.191441,0.181709,0.183446,0.163434,0.154061,0.132864,0.118412]
   ,"dat1eq":true}
  ,{"ivar":1, "cvar":"dy", "fam":"Data", "ifComm":false, "ifCM":false
    ,"header":"ERR-T", "units":"B", "basicUnits":"B"
    ,"what":"Y.Err+-", "dataType":"21", "rank":0.911
    ,"expansion":"Data: data /Error/"
    ,"dat0":[0.00291273,0.00280532,0.00274256,0.00317918,0.00443516,0.0047142,0.00527124,0.00585831,0.00767849,0.00624014
	,0.00454242,0.00448262,0.00452489,0.00465823,0.005019,0.00514586,0.0059136,0.00549145,0.00523727,0.00544791
	,0.0060935,0.00638863,0.00617864,0.0057449,0.0056879,0.00561317,0.00546986,0.00508789,0.00492666,0.00498551
	,0.00487981,0.00449308,0.00499461,0.00459672,0.00464037,0.00470447,0.00460646,0.00476506,0.0046857,0.00475109]
   ,"dat1eq":true}
  ,{"ivar":2, "cvar":"x1", "fam":"EN", "ifComm":false, "ifCM":false
    ,"header":"EN", "units":"MEV", "basicUnits":"EV"
    ,"what":"X1.Value", "dataType":"41", "rank":1.1
    ,"expansion":"Incident energy: energy"
    ,"dat0":[6.68388,6.83957,6.99888,7.16191,7.32873,7.49944,7.67412,7.85288,8.03579,8.22297
	,8.41451,8.61051,8.81107,9.01631,9.22633,9.44123,9.66115,9.88619,10.1165,10.3521
	,10.5932,10.84,11.0925,11.3509,11.6153,11.8858,12.1627,12.446,12.7359,13.0325
	,13.3361,13.6467,13.9646,14.2899,14.6227,14.9633,15.3119,15.6685,16.0335,16.407]
    ,"dat1":[6.68388e+6,6.83957e+6,6.99888e+6,7.16191e+6,7.32873e+6,7.49944e+6,7.67412e+6,7.85288e+6,8.03579e+6,8.22297e+6
	,8.41451e+6,8.61051e+6,8.81107e+6,9.01631e+6,9.22633e+6,9.44123e+6,9.66115e+6,9.88619e+6,1.01165e+7,1.03521e+7
	,1.05932e+7,1.084e+7,1.10925e+7,1.13509e+7,1.16153e+7,1.18858e+7,1.21627e+7,1.2446e+7,1.27359e+7,1.30325e+7
	,1.33361e+7,1.36467e+7,1.39646e+7,1.42899e+7,1.46227e+7,1.49633e+7,1.53119e+7,1.56685e+7,1.60335e+7,1.6407e+7]}
  ,{"ivar":3, "cvar":"dx1", "fam":"EN", "ifComm":false, "ifCM":false
    ,"header":"EN-ERR", "units":"MEV", "basicUnits":"EV"
    ,"what":"X1.Err+-", "dataType":"41", "rank":1.911
    ,"expansion":"Incident energy: energy /Error/"
    ,"dat0":[0.0769476,0.07874,0.0805741,0.0824509,0.0843714,0.0863367,0.0883477,0.0904056,0.0925114,0.0946663
	,0.0968713,0.0991278,0.101437,0.1038,0.106217,0.108691,0.111223,0.113814,0.116465,0.119178
	,0.121954,0.124794,0.127701,0.130676,0.13372,0.136834,0.140022,0.143283,0.146621,0.150036
	,0.153531,0.157107,0.160766,0.164511,0.168343,0.172264,0.176277,0.180383,0.184585,0.188884]
    ,"dat1":[76947.6,78740,80574.1,82450.9,84371.4,86336.7,88347.7,90405.6,92511.4,94666.3
	,96871.3,99127.8,1.01437e+5,1.038e+5,1.06217e+5,1.08691e+5,1.11223e+5,1.13814e+5,1.16465e+5,1.19178e+5
	,1.21954e+5,1.24794e+5,1.27701e+5,1.30676e+5,1.3372e+5,1.36834e+5,1.40022e+5,1.43283e+5,1.46621e+5,1.50036e+5
	,1.53531e+5,1.57107e+5,1.60766e+5,1.64511e+5,1.68343e+5,1.72264e+5,1.76277e+5,1.80383e+5,1.84585e+5,1.88884e+5]}
  ]
 ,"wc5data":2
 ,"lc5data":40
 ,"c5data":{
    "y":{"icvar":0, "cvar":"y", "fam":"Data", "ifCM":false, "units":"B"
      ,"header":"DATA", "dataType":"21", "rank":0.0
      ,"expansion":"Data: data"
      ,"y":[0.193661,0.163288,0.164132,0.197801,0.291783,0.315754,0.31353,0.353237,0.476326,0.364638
	,0.255896,0.250861,0.249664,0.256774,0.274719,0.278596,0.323508,0.294025,0.274791,0.285396
	,0.321172,0.326194,0.308783,0.278599,0.26334,0.255439,0.245603,0.228133,0.216358,0.217
	,0.212994,0.187662,0.222384,0.191441,0.181709,0.183446,0.163434,0.154061,0.132864,0.118412]
      ,"dy":[0.00291273,0.00280532,0.00274256,0.00317918,0.00443516,0.0047142,0.00527124,0.00585831,0.00767849,0.00624014
	,0.00454242,0.00448262,0.00452489,0.00465823,0.005019,0.00514586,0.0059136,0.00549145,0.00523727,0.00544791
	,0.0060935,0.00638863,0.00617864,0.0057449,0.0056879,0.00561317,0.00546986,0.00508789,0.00492666,0.00498551
	,0.00487981,0.00449308,0.00499461,0.00459672,0.00464037,0.00470447,0.00460646,0.00476506,0.0046857,0.00475109]   }
   ,"x1":{"icvar":1, "cvar":"x1", "fam":"EN", "ifCM":false, "units":"EV"
      ,"header":"EN", "dataType":"41", "rank":1.0
      ,"expansion":"Incident energy: energy"
      ,"x1":[6.68388e+6,6.83957e+6,6.99888e+6,7.16191e+6,7.32873e+6,7.49944e+6,7.67412e+6,7.85288e+6,8.03579e+6,8.22297e+6
	,8.41451e+6,8.61051e+6,8.81107e+6,9.01631e+6,9.22633e+6,9.44123e+6,9.66115e+6,9.88619e+6,1.01165e+7,1.03521e+7
	,1.05932e+7,1.084e+7,1.10925e+7,1.13509e+7,1.16153e+7,1.18858e+7,1.21627e+7,1.2446e+7,1.27359e+7,1.30325e+7
	,1.33361e+7,1.36467e+7,1.39646e+7,1.42899e+7,1.46227e+7,1.49633e+7,1.53119e+7,1.56685e+7,1.60335e+7,1.6407e+7]
      ,"dx1":[76947.6,78740,80574.1,82450.9,84371.4,86336.7,88347.7,90405.6,92511.4,94666.3
	,96871.3,99127.8,1.01437e+5,1.038e+5,1.06217e+5,1.08691e+5,1.11223e+5,1.13814e+5,1.16465e+5,1.19178e+5
	,1.21954e+5,1.24794e+5,1.27701e+5,1.30676e+5,1.3372e+5,1.36834e+5,1.40022e+5,1.43283e+5,1.46621e+5,1.50036e+5
	,1.53531e+5,1.57107e+5,1.60766e+5,1.64511e+5,1.68343e+5,1.72264e+5,1.76277e+5,1.80383e+5,1.84585e+5,1.88884e+5]   }
 }
}
   ]
   }
  ,{"SUBENT":"14820003", "isub":3, "compiled":20240829, "TransID":"1514", "TransDate":20241129
    ,"BIB":{
      "REACTION":[
	{"x4pointer":" "
	 ,"x4code":{"code":"6-C-12(N,INL)6-C-12,,SIG"
	    ,"c4reac":"(N,INL),SIG"
	    ,"combi":"a"
	    ,"MF":3
	    ,"MT":4
	    ,"Units":"B"
	    ,"reacs": [
	    {"code":"6-C-12(N,INL)6-C-12,,SIG"
		,"Reac":"N,INL"
		,"SF1":"6-C-12","Targ":{"code":"6-C-12","nam":"C-12","ZA":6012}
		,"SF2":"N","Proj":{"code":"N","nam":"n","ZA":1}
		,"SF3":"INL","procHlp":"Inelastic scattering"
		,"SF4":"6-C-12","Prod":{"code":"6-C-12","nam":"C-12","ZA":6012}
		,"SF6":"SIG"
		,"SF58":",SIG","Quant":"CS","BasicUnits":"B","QuantHlp":"Cross section"
	    }]}
	}
      ]
     ,"PART-DET":[
	{"x4pointer":" "
	 ,"x4codes":["G"]
	}
      ]
     ,"METHOD":[
	{"x4pointer":" "
	 ,"x4code":null
	,"x4freetext":["The cross section was measured using a white incident"
		,"neutron source through the detection of gamma rays"
		,"only using a segmented liquid scintillator detector"
		,"array."]
	}
      ]
     ,"STATUS":[
	{"x4pointer":" "
	 ,"x4code":{"code":"COREL,14820002"
		,"flag":"COREL", "hlp":"Data correlated with another data set"
		,"subent":"14820002"
		}
	,"x4freetext":[" Data from detection of gamma and"
		,"neutron in coincidence."]
	}
	,{"x4pointer":" "
	 ,"x4code":{"code":"TABLE,,K.J.Kelly+,J,PR/C,105,044615,2022"
		,"flag":"TABLE", "hlp":"Data presented by authors"
		,"author1":"K.J.Kelly+","stdFileName":"J,PR_C,105,044615,2022"
		,"year":2022,"typ":"J","ref":"J,PR/C","vol":"105","p":"044615"
		,"shortRef":"Jour: Physical Review, Part C, Nuclear Physics, Vol.105, p.044615 (2022)"}
	,"x4freetext":["Data received from K.J.Kelly on August 27, 2024."]
	}
      ]
    }
    ,"DATA":{"ncols":4, "nrows":1086
      ,"x4headers":[
       {"icol":0, "header":"EN", "units":"MEV", "pointer":" "
	,"headerHelp":"Energy of incident projectile, laboratory system", "pFlag":"1000000"
	,"unitsHelp":"MeV","familyCode":"E","convFc":1000000.0,"basicUnits":"EV"}
      ,{"icol":1, "header":"EN-ERR", "units":"MEV", "pointer":" "
	,"headerHelp":"Uncertainty in incident projectile energy", "pFlag":"9110000"
	,"unitsHelp":"MeV","familyCode":"E","convFc":1000000.0,"basicUnits":"EV"}
      ,{"icol":2, "header":"DATA", "units":"B", "pointer":" "
	,"headerHelp":"Value of quantity specified under REACTION", "pFlag":"0001000"
	,"unitsHelp":"barns","familyCode":"B","convFc":1.0,"basicUnits":"B"}
      ,{"icol":3, "header":"ERR-T", "units":"B", "pointer":" "
	,"headerHelp":"Total uncertainty (1-Sigma)", "pFlag":"0009110"
	,"unitsHelp":"barns","familyCode":"B","convFc":1.0,"basicUnits":"B"}
      ]
      ,"datacols":[
	 ["EN"        ,"EN-ERR"    ,"DATA"      ,"ERR-T"     ]
	,["MEV"       ,"MEV"       ,"B"         ,"B"         ]
	,[" "         ," "         ," "         ," "         ]]
      ,"data":[
 [4.8106,0.00199627,0.0128957,5.29494E-4]
,[4.8146,0.00199877,0.013986,5.36823E-4]
,[4.8186,0.00200126,0.0151471,5.48921E-4]
,[4.8226,0.00200377,0.0157787,5.57088E-4]
,[4.82661,0.00200627,0.0181426,5.78885E-4]
,[4.83063,0.00200878,0.0191324,5.88316E-4]
,[4.83465,0.0020113,0.0190815,5.88826E-4]
,[4.83867,0.00201382,0.0210459,6.073E-4]
,[4.8427,0.00201634,0.0208173,6.0843E-4]
,[4.84674,0.00201887,0.0222826,6.20568E-4]
,[4.85078,0.0020214,0.023308,6.33558E-4]
,[4.85482,0.00202393,0.0241968,6.42507E-4]
,[4.85887,0.00202647,0.0246695,6.48871E-4]
,[4.86293,0.00202902,0.0260164,6.63914E-4]
,[4.86699,0.00203157,0.0262014,6.66826E-4]
,[4.87106,0.00203412,0.0275016,6.81138E-4]
,[4.87513,0.00203668,0.027706,6.8409E-4]
,[4.8792,0.00203924,0.0293218,7.00784E-4]
,[4.88328,0.0020418,0.029414,7.06245E-4]
,[4.88737,0.00204437,0.0304701,7.17009E-4]
,[4.89146,0.00204695,0.031409,7.28332E-4]
,[4.89556,0.00204952,0.0330289,7.46533E-4]
,[4.89966,0.00205211,0.0349953,7.67851E-4]
,[4.90377,0.0020547,0.0356676,7.79855E-4]
,[4.90788,0.00205729,0.0382037,8.11789E-4]
,[4.912,0.00205988,0.0417058,8.57115E-4]
,[4.91612,0.00206248,0.0487035,9.47192E-4]
,[4.92025,0.00206509,0.0538999,0.00101804]
,[4.92438,0.0020677,0.0610096,0.00111174]
,[4.92852,0.00207031,0.0659893,0.00117973]
,[4.93266,0.00207293,0.0686938,0.00121787]
,[4.93681,0.00207555,0.0696592,0.00123055]
,[4.94096,0.00207818,0.0676765,0.00120437]
,[4.94512,0.00208081,0.0653067,0.00117072]
,[4.94928,0.00208345,0.0590792,0.00108675]
,[4.95345,0.00208609,0.0524962,9.97297E-4]
,[4.95763,0.00208873,0.04881,9.49831E-4]
,[4.96181,0.00209138,0.0444012,8.93054E-4]
,[4.96599,0.00209403,0.0446042,8.94328E-4]
,[4.97019,0.00209669,0.0431096,8.76005E-4]
,[4.97438,0.00209935,0.043466,8.80438E-4]
,[4.97858,0.00210202,0.0437904,8.86445E-4]
,[4.98279,0.00210469,0.043939,8.88577E-4]
,[4.987,0.00210737,0.044404,8.93652E-4]
,[4.99122,0.00211005,0.0431561,8.7802E-4]
,[4.99544,0.00211274,0.0453661,9.06324E-4]
,[4.99967,0.00211543,0.0456344,9.11384E-4]
,[5.0039,0.00211812,0.0455717,9.11612E-4]
,[5.00814,0.00212082,0.0457588,9.14602E-4]
,[5.01239,0.00212352,0.0475554,9.39109E-4]
,[5.01664,0.00212623,0.0474699,9.38094E-4]
,[5.02089,0.00212895,0.0468159,9.30245E-4]
,[5.02515,0.00213166,0.0471074,9.33131E-4]
,[5.02942,0.00213439,0.0492587,9.60757E-4]
,[5.03369,0.00213711,0.0492382,9.62364E-4]
,[5.03797,0.00213984,0.0504727,9.7862E-4]
,[5.04225,0.00214258,0.0507567,9.81804E-4]
,[5.04654,0.00214532,0.0512116,9.88658E-4]
,[5.05083,0.00214807,0.0507331,9.8485E-4]
,[5.05513,0.00215082,0.0519827,0.00100028]
,[5.05943,0.00215357,0.0522349,0.00100407]
,[5.06374,0.00215633,0.0532419,0.00101906]
,[5.06806,0.0021591,0.0541022,0.00102938]
,[5.07238,0.00216187,0.0540066,0.00102931]
,[5.07671,0.00216464,0.0537173,0.00102615]
,[5.08104,0.00216742,0.0550489,0.00104304]
,[5.08538,0.0021702,0.0548824,0.00104223]
,[5.08972,0.00217299,0.0556436,0.00105216]
,[5.09407,0.00217578,0.0551061,0.00104451]
,[5.09842,0.00217858,0.0555346,0.00105075]
,[5.10278,0.00218138,0.0564585,0.00106398]
,[5.10715,0.00218419,0.0569617,0.00107063]
,[5.11152,0.002187,0.0559488,0.0010578]
,[5.1159,0.00218982,0.0582973,0.00108791]
,[5.12028,0.00219264,0.0575381,0.00107805]
,[5.12467,0.00219547,0.0575264,0.00108061]
,[5.12906,0.0021983,0.058475,0.00109267]
,[5.13346,0.00220114,0.0599082,0.0011123]
,[5.13787,0.00220398,0.0597433,0.0011106]
,[5.14228,0.00220683,0.0618272,0.0011388]
,[5.14669,0.00220968,0.0614675,0.00113491]
,[5.15111,0.00221253,0.0631316,0.00115795]
,[5.15554,0.0022154,0.0638773,0.00116797]
,[5.15998,0.00221826,0.0632875,0.00116108]
,[5.16442,0.00222113,0.064224,0.00117193]
,[5.16886,0.00222401,0.0654721,0.00118897]
,[5.17331,0.00222689,0.0654112,0.00118962]
,[5.17777,0.00222978,0.0665272,0.00120685]
,[5.18223,0.00223267,0.067384,0.00121694]
,[5.1867,0.00223556,0.0684512,0.00123384]
,[5.19117,0.00223847,0.0680128,0.00122681]
,[5.19565,0.00224137,0.0700627,0.00125516]
,[5.20014,0.00224428,0.0702561,0.00125774]
,[5.20463,0.0022472,0.0695867,0.00125025]
,[5.20913,0.00225012,0.0704276,0.00126196]
,[5.21363,0.00225305,0.0706555,0.00126553]
,[5.21814,0.00225598,0.0722551,0.00128784]
,[5.22265,0.00225892,0.0726356,0.00129519]
,[5.22718,0.00226186,0.0725653,0.00129363]
,[5.2317,0.0022648,0.0745852,0.00132179]
,[5.23623,0.00226776,0.074484,0.00132014]
,[5.24077,0.00227071,0.0747197,0.0013245]
,[5.24532,0.00227368,0.0743013,0.00131918]
,[5.24987,0.00227664,0.0774658,0.00136307]
,[5.25442,0.00227962,0.0767587,0.00135425]
,[5.25899,0.00228259,0.076284,0.00134867]
,[5.26355,0.00228558,0.0775704,0.00136654]
,[5.26813,0.00228857,0.0778882,0.00137123]
,[5.27271,0.00229156,0.0793514,0.00139068]
,[5.27729,0.00229456,0.0805826,0.00140861]
,[5.28189,0.00229756,0.0810867,0.00141738]
,[5.28648,0.00230057,0.0815226,0.0014238]
,[5.29109,0.00230359,0.0803124,0.00140639]
,[5.2957,0.00230661,0.0824205,0.00143746]
,[5.30032,0.00230963,0.0841038,0.00146143]
,[5.30494,0.00231266,0.0841888,0.00146371]
,[5.30957,0.0023157,0.0838106,0.00145807]
,[5.3142,0.00231874,0.0844005,0.00146685]
,[5.31884,0.00232178,0.085447,0.00144987]
,[5.32349,0.00232484,0.0883553,0.00148886]
,[5.32814,0.00232789,0.0890194,0.00149829]
,[5.3328,0.00233096,0.0900044,0.0015141]
,[5.33746,0.00233402,0.0920383,0.00154176]
,[5.34214,0.0023371,0.0945235,0.00157784]
,[5.34681,0.00234018,0.0970922,0.0016142]
,[5.3515,0.00234326,0.0995473,0.00164873]
,[5.35619,0.00234635,0.103503,0.00170494]
,[5.36088,0.00234944,0.106858,0.00175343]
,[5.36558,0.00235254,0.109353,0.00178854]
,[5.37029,0.00235565,0.110634,0.00180736]
,[5.37501,0.00235876,0.111954,0.0018261]
,[5.37973,0.00236188,0.110108,0.00180223]
,[5.38445,0.002365,0.111827,0.00182584]
,[5.38919,0.00236813,0.110031,0.00180164]
,[5.39393,0.00237126,0.11086,0.00181356]
