  {"ENTRY":"14686", "updated":20241001, "TransID":"1515", "TransDate":20241129, "CenterID":"NNDC", "Center":"US National Nuclear Data Center, Brookhaven, USA"
   ,"y1":2020,"a1":"J.M.Brown+","r1":"J,NSE,194,221,2020","doi1":"10.1080/00295639.2019.1688087"
   ,"ref":"Jour: Nuclear Science and Engineering, Vol.194, p.221 (2020)"
   ,"title":"Validation of unresolved neutron resonance parameters using a thick-sample transmission measurement"
   ,"x4subents":[
   {"SUBENT":"14686001", "isub":1, "compiled":20241001, "TransID":"1515", "TransDate":20241129
    ,"BIB":{
      "TITLE":[
	{"x4pointer":" "
	 ,"x4code":null
	,"x4freetext":["Validation of unresolved neutron resonance parameters"
		,"using a thick-sample transmission measurement"]
	}
      ]
     ,"AUTHOR":[
	{"x4pointer":" "
	 ,"x4codes":[{"name":"J.M.Brown","ini":"J.M.","nam":"Brown"}
	    ,{"name":"R.C.Block","ini":"R.C.","nam":"Block"}
	    ,{"name":"A.Youmans","ini":"A.","nam":"Youmans"}
	    ,{"name":"H.Choun","ini":"H.","nam":"Choun"}
	    ,{"name":"A.Ney","ini":"A.","nam":"Ney"}
	    ,{"name":"E.Blain","ini":"E.","nam":"Blain"}
	    ,{"name":"D.P.Barry","ini":"D.P.","nam":"Barry"}
	    ,{"name":"M.J.Rapp","ini":"M.J.","nam":"Rapp"}
	    ,{"name":"Y.Danon","ini":"Y.","nam":"Danon"}]
	}
      ]
     ,"INSTITUTE":[
	{"x4pointer":" "
	 ,"x4codes":[{"code":"1USARPI", "dict":"INSTITUTE", "idict":3,"hlp":"Rensselaer Polytechnic Institute, Troy, NY, United States of America"}]
	}
	,{"x4pointer":" "
	 ,"x4codes":[{"code":"1USAUSA", "dict":"INSTITUTE", "idict":3,"hlp":"United States of America, United States of America"}]
	,"x4freetext":[" Naval Nuclear Laboratory, Schenectady,"
		,"          New York"]
	}
      ]
     ,"REFERENCE":[
	{"x4pointer":" "
	 ,"x4codes":[{"code":"J,NSE,194,221,2020","stdFileName":"J,NSE,194,221,2020"
		,"year":2020,"typ":"J","ref":"J,NSE","vol":"194","p":"221"
		,"DOI":"10.1080/00295639.2019.1688087"
		,"shortRef":"Jour: Nuclear Science and Engineering, Vol.194, p.221 (2020)"}]
	,"x4freetext":["#doi:10.1080/00295639.2019.1688087"]
	}
      ]
     ,"FACILITY":[
	{"x4pointer":" "
	 ,"x4codes":[{"code":"LINAC", "dict":"FACILITY", "idict":18,"hlp":"Linear accelerator"}
	    ,{"code":"1USARPI", "dict":"INSTITUTE", "idict":3,"hlp":"Rensselaer Polytechnic Institute, Troy, NY, United States of America"}]
	,"x4freetext":[" The the experiment was performed at the"
		,"50 MeV electron RPI Linac with a neutron production"
		,"target"]
	}
      ]
     ,"HISTORY":[
	{"x4pointer":" "
	 ,"x4code":{"code":"20210525C", "date":"20210525", "act":"C", "dict":"HISTORY", "idict":15
	     ,"actHelp":"Compiled at the data center"}
	,"x4freetext":[" Compiled by S.H."]
	}
	,{"x4pointer":" "
	 ,"x4code":{"code":"20240910A", "date":"20240910", "act":"A", "dict":"HISTORY", "idict":15
	     ,"actHelp":"Important alterations"}
	,"x4freetext":[" OS. THICKNESS corrected"]
	}
      ]
    }
   }
  ,{"SUBENT":"14686002", "isub":2, "compiled":20241001, "TransID":"1515", "TransDate":20241129
    ,"BIB":{
      "REACTION":[
	{"x4pointer":" "
	 ,"x4code":{"code":"73-TA-181(N,TOT),,TRN,,AV"
	    ,"c4reac":"(N,TOT),TRN,,AV"
	    ,"combi":"a"
	    ,"Units":"NO-DIM"
	    ,"reacs": [
	    {"code":"73-TA-181(N,TOT),,TRN,,AV"
		,"Reac":"N,TOT"
		,"SF1":"73-TA-181","Targ":{"code":"73-TA-181","nam":"Ta-181","ZA":73181}
		,"SF2":"N","Proj":{"code":"N","nam":"n","ZA":1}
		,"SF3":"TOT","procHlp":"Total"
		,"SF6":"TRN"
		,"SF8":"AV"
		,"SF58":",TRN","Quant":"CS","BasicUnits":"NO-DIM","QuantHlp":"Transmission"
	    }]}
	}
      ]
     ,"SAMPLE":[
	{"x4pointer":" "
	 ,"x4code":null
	,"x4freetext":[" Natural sample"]
	}
	,{"x4pointer":" "
	 ,"x4code":{"Nucl":"73-TA-181","NAT":0.9995}
	,"x4freetext":["       Physical type:                Metallic cuboid"
		," Chemical composition          Element (Tantalum)"
		," Sample mass                     2030 +- 0.1 g"
		," Surface dimension             100.25 x 100.30 mm**2"
		," Thickness(nominal)            12.106 +- 0.021 mm"
		," Total sample thickness 12.106 +- 0.021 mm was chosen"
		," to amplify the effect of resonance self-shielding"]
	}
      ]
     ,"INC-SOURCE":[
	{"x4pointer":" "
	 ,"x4codes":[{"code":"PHOTO", "dict":"INC-SOURCE", "idict":19,"hlp":"Photo-neutron"}]
	,"x4freetext":[" Pulsed electron Linac"
		,"        Average electron beam energy        50 MeV"
		,"        Average electron beam current       10 mu-A"
		,"        Linac repetition rate              400 Hz"
		,"        Electron beam pulse width            9 ns"
		,"        Neutron production target    Ta cooled by H2O"
		,"        Moderator material        polyethylene cylinder"
		,"        Moderator thickness               2.54 cm"
		,"        Moderator temperature              295 K"]
	}
      ]
     ,"METHOD":[
	{"x4pointer":" "
	 ,"x4codes":[{"code":"TRN", "dict":"METHOD", "idict":21,"hlp":"Transmission method"}
	    ,{"code":"TOF", "dict":"METHOD", "idict":21,"hlp":"Time-of-flight"}]
	,"x4freetext":[" Time-of-flight"
		,"          Flight path                  35.18 +- 0.04 m"
		,"          Measurement type               Transmission"
		,"          Neutron beam diameter           47.625 mm"]
	}
      ]
     ,"ERR-ANALYS":[
	{"x4pointer":" "
	 ,"x4code":null
	,"x4freetext":[" No error included for flux normalization"]
	}
	,{"x4pointer":" "
	 ,"x4code":{"header":"DATA-ERR"
	     ,"headerHelp":"Error in value of quantity, defined under ERR-ANALYS"}
	,"x4freetext":[" Total uncertainty includes all systematic"
		,"and statistical uncertainties from covariance matrix."]
	}
      ]
     ,"STATUS":[
	{"x4pointer":" "
	 ,"x4code":{"code":"TABLE"
		,"flag":"TABLE", "hlp":"Data presented by authors"
		}
	,"x4freetext":[" Data presented in fig.8 of the reference"
		," and the covariance matrix received from author J.M.B."]
	}
      ]
     ,"DETECTOR":[
	{"x4pointer":" "
	 ,"x4codes":[{"code":"SCIN", "dict":"DETECTOR", "idict":22,"hlp":"Scintillation detector"}]
	,"x4freetext":[" Li glass doped with 6Li with diameter of 111.25"
		,"mm and thickness of 12.7 mm. The scintillator was"
		,"viewed by two 12.7 cm diameter photomultiplier tubes."]
	}
      ]
     ,"COVARIANCE":[
	{"x4pointer":" "
	 ,"x4code":null
	,"x4freedata":[{"name": "14686002.COV (NO-DIM)"
	, "lx":25, "ly":25, "lz":625, "xm":1.0, "ym":1.0, "zm":1.0
	, "xunit":"EV", "yunit":"EV", "zunit":"NO-DIM"
	, "xname":"EN", "yname":"EN", "zname":"COV", "comment":""
	, "xarr":[ 221.39, 415.63, 1047.76, 2205.1, 2437.13, 2707.81, 3026.21, 3404.27, 3857.86, 4408.54, 5086.13, 5835.19, 6644.04, 7633.51, 8861.68, 10411.98, 12407.77, 15037.63, 18601.65, 23600.94, 30923.97, 42270.36, 61234.07, 96543.81, 174249.9]
	, "yarr":[ 221.39, 415.63, 1047.76, 2205.1, 2437.13, 2707.81, 3026.21, 3404.27, 3857.86, 4408.54, 5086.13, 5835.19, 6644.04, 7633.51, 8861.68, 10411.98, 12407.77, 15037.63, 18601.65, 23600.94, 30923.97, 42270.36, 61234.07, 96543.81, 174249.9]
	, "zarr":[
	   [7.6171969E-5,8.7030756E-5,7.9503818E-5,8.1704169E-5,8.0061473E-5,8.1220756E-5,7.6844996E-5,8.2171467E-5,8.3669901E-5,8.0220439E-5,9.061249E-5,8.8986281E-5,8.6277968E-5,9.0829001E-5,9.1686994E-5,9.1190267E-5,9.305169E-5,9.8181966E-5,1.0407693E-4,1.0669735E-4,1.177099E-4,1.3195356E-4,1.2409417E-4,1.4416153E-4,1.2886798E-4]
	  ,[8.7030756E-5,1.0077097E-4,9.1986543E-5,9.5152453E-5,9.3377025E-5,9.4762577E-5,8.9754315E-5,9.601496E-5,9.787414E-5,9.4381209E-5,1.0690307E-4,1.0485461E-4,1.0127391E-4,1.0659349E-4,1.0761507E-4,1.070248E-4,1.0917371E-4,1.151151E-4,1.2197316E-4,1.2496371E-4,1.3881949E-4,1.5715446E-4,1.4511704E-4,1.696692E-4,1.490379E-4]
	  ,[7.9503818E-5,9.1986543E-5,8.6716906E-5,9.2232307E-5,9.1151944E-5,9.265905E-5,8.821348E-5,9.4548356E-5,9.6881871E-5,9.5941011E-5,1.1003033E-4,1.0732712E-4,1.018708E-4,1.0711882E-4,1.0821626E-4,1.0759328E-4,1.0959223E-4,1.1519966E-4,1.2181863E-4,1.244393E-4,1.4270084E-4,1.6867554E-4,1.4351128E-4,1.7288705E-4,1.3964444E-4]
	  ,[8.1704169E-5,9.5152453E-5,9.2232307E-5,1.0845976E-4,1.0241586E-4,1.0432777E-4,9.9956166E-5,1.0739032E-4,1.1074311E-4,1.1315246E-4,1.3160995E-4,1.2759387E-4,1.1871679E-4,1.2470055E-4,1.2608445E-4,1.253296E-4,1.274504E-4,1.3349815E-4,1.4085136E-4,1.4339899E-4,1.7067E-4,2.1140343E-4,1.6410985E-4,2.0496475E-4,1.4885917E-4]
	  ,[8.0061473E-5,9.3377025E-5,9.1151944E-5,1.0241586E-4,1.0798551E-4,1.0425926E-4,1.0001993E-4,1.0751073E-4,1.1100937E-4,1.141244E-4,1.3309853E-4,1.288878E-4,1.1946012E-4,1.2545581E-4,1.2686987E-4,1.2610565E-4,1.2819967E-4,1.3419042E-4,1.4152004E-4,1.4398556E-4,1.7261364E-4,2.1567717E-4,1.6453617E-4,2.0696734E-4,1.4706686E-4]
	  ,[8.1220756E-5,9.4762577E-5,9.265905E-5,1.0432777E-4,1.0425926E-4,1.1175278E-4,1.0197287E-4,1.0962305E-4,1.1322507E-4,1.1656977E-4,1.3603717E-4,1.3169985E-4,1.219586E-4,1.2807525E-4,1.2952586E-4,1.2874652E-4,1.3087721E-4,1.3697374E-4,1.4444407E-4,1.4694182E-4,1.7646993E-4,2.2096643E-4,1.6787598E-4,2.1155625E-4,1.4951622E-4]
	  ,[7.6844996E-5,8.9754315E-5,8.821348E-5,9.9956166E-5,1.0001993E-4,1.0197287E-4,1.0284273E-4,1.0533078E-4,1.0889033E-4,1.1259026E-4,1.31638E-4,1.2734092E-4,1.1760908E-4,1.2349085E-4,1.2490596E-4,1.2415307E-4,1.2618207E-4,1.3199775E-4,1.3915604E-4,1.4150022E-4,1.7080085E-4,2.1515897E-4,1.6150256E-4,2.0455843E-4,1.4232802E-4]
	  ,[8.2171467E-5,9.601496E-5,9.4548356E-5,1.0739032E-4,1.0751073E-4,1.0962305E-4,1.0533078E-4,1.1855672E-4,1.1715611E-4,1.2133024E-4,1.419581E-4,1.372857E-4,1.2666991E-4,1.330007E-4,1.3453343E-4,1.3372394E-4,1.3590192E-4,1.4214482E-4,1.4984228E-4,1.5234642E-4,1.8426088E-4,2.3266767E-4,1.7384788E-4,2.2066236E-4,1.5258187E-4]
	  ,[8.3669901E-5,9.787414E-5,9.6881871E-5,1.1074311E-4,1.1100937E-4,1.1322507E-4,1.0889033E-4,1.1715611E-4,1.2667634E-4,1.2611405E-4,1.4782442E-4,1.4285114E-4,1.314655E-4,1.3801953E-4,1.3962927E-4,1.3878876E-4,1.4102307E-4,1.4743634E-4,1.5537963E-4,1.5791169E-4,1.9195184E-4,2.4380451E-4,1.8004728E-4,2.2969813E-4,1.563571E-4]
	  ,[8.0220439E-5,9.4381209E-5,9.5941011E-5,1.1315246E-4,1.141244E-4,1.1656977E-4,1.1259026E-4,1.2133024E-4,1.2611405E-4,1.4003595E-4,1.5807148E-4,1.5221744E-4,1.3842092E-4,1.4522971E-4,1.4700545E-4,1.4610604E-4,1.4831482E-4,1.5472343E-4,1.6283622E-4,1.6514816E-4,2.0534819E-4,2.6757546E-4,1.8741853E-4,2.4457485E-4,1.5468824E-4]
	  ,[9.061249E-5,1.0690307E-4,1.1003033E-4,1.3160995E-4,1.3309853E-4,1.3603717E-4,1.31638E-4,1.419581E-4,1.4782442E-4,1.5807148E-4,1.9580994E-4,1.8027371E-4,1.6311851E-4,1.711038E-4,1.7324213E-4,1.7218E-4,1.7471937E-4,1.8211329E-4,1.9156584E-4,1.9412842E-4,2.4374189E-4,3.2101067E-4,2.1994767E-4,2.8992044E-4,1.7743246E-4]
	  ,[8.8986281E-5,1.0485461E-4,1.0732712E-4,1.2759387E-4,1.288878E-4,1.3169985E-4,1.2734092E-4,1.372857E-4,1.4285114E-4,1.5221744E-4,1.8027371E-4,1.825553E-4,1.5729849E-4,1.6502389E-4,1.6707772E-4,1.6606597E-4,1.6855472E-4,1.7576727E-4,1.8494953E-4,1.8751035E-4,2.3453933E-4,3.0765014E-4,2.1271348E-4,2.7938214E-4,1.7322606E-4]
	  ,[8.6277968E-5,1.0127391E-4,1.018708E-4,1.1871679E-4,1.1946012E-4,1.219586E-4,1.1760908E-4,1.2666991E-4,1.314655E-4,1.3842092E-4,1.6311851E-4,1.5729849E-4,1.5049741E-4,1.5080668E-4,1.5263905E-4,1.517329E-4,1.5410687E-4,1.6092353E-4,1.6948328E-4,1.720622E-4,2.1232278E-4,2.7440462E-4,1.9582087E-4,2.5378651E-4,1.6461866E-4]
	  ,[9.0829001E-5,1.0659349E-4,1.0711882E-4,1.2470055E-4,1.2545581E-4,1.2807525E-4,1.2349085E-4,1.330007E-4,1.3801953E-4,1.4522971E-4,1.711038E-4,1.6502389E-4,1.5080668E-4,1.6538932E-4,1.6021732E-4,1.5927427E-4,1.6178047E-4,1.6895975E-4,1.7796904E-4,1.8070437E-4,2.228818E-4,2.8792384E-4,2.0577037E-4,2.6662922E-4,1.7321943E-4]
	  ,[9.1686994E-5,1.0761507E-4,1.0821626E-4,1.2608445E-4,1.2686987E-4,1.2952586E-4,1.2490596E-4,1.3453343E-4,1.3962927E-4,1.4700545E-4,1.7324213E-4,1.6707772E-4,1.5263905E-4,1.6021732E-4,1.6916099E-4,1.6123313E-4,1.6377613E-4,1.7104531E-4,1.801736E-4,1.8294915E-4,2.2585551E-4,2.9209114E-4,2.0838786E-4,2.7034235E-4,1.7511587E-4]
	  ,[9.1190267E-5,1.070248E-4,1.0759328E-4,1.253296E-4,1.2610565E-4,1.2874652E-4,1.2415307E-4,1.3372394E-4,1.3878876E-4,1.4610604E-4,1.7218E-4,1.6606597E-4,1.517329E-4,1.5927427E-4,1.6123313E-4,1.6693979E-4,1.6284448E-4,1.7008715E-4,1.7918163E-4,1.8196292E-4,2.2467712E-4,2.906568E-4,2.0736718E-4,2.6914793E-4,1.742477E-4]
	  ,[9.305169E-5,1.0917371E-4,1.0959223E-4,1.274504E-4,1.2819967E-4,1.3087721E-4,1.2618207E-4,1.3590192E-4,1.4102307E-4,1.4831482E-4,1.7471937E-4,1.6855472E-4,1.5410687E-4,1.6178047E-4,1.6377613E-4,1.6284448E-4,1.7201773E-4,1.7283946E-4,1.8211268E-4,1.8498031E-4,2.2822701E-4,2.9503252E-4,2.1096976E-4,2.737136E-4,1.7765427E-4]
	  ,[9.8181966E-5,1.151151E-4,1.1519966E-4,1.3349815E-4,1.3419042E-4,1.3697374E-4,1.3199775E-4,1.4214482E-4,1.4743634E-4,1.5472343E-4,1.8211329E-4,1.7576727E-4,1.6092353E-4,1.6895975E-4,1.7104531E-4,1.7008715E-4,1.7283946E-4,1.8747197E-4,1.9036764E-4,1.9343497E-4,2.3815814E-4,3.0718991E-4,2.2086393E-4,2.8607503E-4,1.8695067E-4]
	  ,[1.0407693E-4,1.2197316E-4,1.2181863E-4,1.4085136E-4,1.4152004E-4,1.4444407E-4,1.3915604E-4,1.4984228E-4,1.5537963E-4,1.6283622E-4,1.9156584E-4,1.8494953E-4,1.6948328E-4,1.7796904E-4,1.801736E-4,1.7918163E-4,1.8211268E-4,1.9036764E-4,2.0802633E-4,2.0397976E-4,2.5086585E-4,3.2323531E-4,2.3315186E-4,3.0181585E-4,1.9794094E-4]
	  ,[1.0669735E-4,1.2496371E-4,1.244393E-4,1.4339899E-4,1.4398556E-4,1.4694182E-4,1.4150022E-4,1.5234642E-4,1.5791169E-4,1.6514816E-4,1.9412842E-4,1.8751035E-4,1.720622E-4,1.8070437E-4,1.8294915E-4,1.8196292E-4,1.8498031E-4,1.9343497E-4,2.0397976E-4,2.1476788E-4,2.546081E-4,3.2742809E-4,2.3737695E-4,3.0688263E-4,2.0247767E-4]
	  ,[1.177099E-4,1.3881949E-4,1.4270084E-4,1.7067E-4,1.7261364E-4,1.7646993E-4,1.7080085E-4,1.8426088E-4,1.9195184E-4,2.0534819E-4,2.4374189E-4,2.3453933E-4,2.1232278E-4,2.228818E-4,2.2585551E-4,2.2467712E-4,2.2822701E-4,2.3815814E-4,2.5086585E-4,2.546081E-4,3.3369532E-4,4.2587251E-4,2.9054407E-4,3.8658149E-4,2.3303942E-4]
	  ,[1.3195356E-4,1.5715446E-4,1.6867554E-4,2.1140343E-4,2.1567717E-4,2.2096643E-4,2.1515897E-4,2.3266767E-4,2.4380451E-4,2.6757546E-4,3.2101067E-4,3.0765014E-4,2.7440462E-4,2.8792384E-4,2.9209114E-4,2.906568E-4,2.9503252E-4,3.0718991E-4,3.2323531E-4,3.2742809E-4,4.2587251E-4,6.0550278E-4,3.7272327E-4,5.1242293E-4,2.7722731E-4]
	  ,[1.2409417E-4,1.4511704E-4,1.4351128E-4,1.6410985E-4,1.6453617E-4,1.6787598E-4,1.6150256E-4,1.7384788E-4,1.8004728E-4,1.8741853E-4,2.1994767E-4,2.1271348E-4,1.9582087E-4,2.0577037E-4,2.0838786E-4,2.0736718E-4,2.1096976E-4,2.2086393E-4,2.3315186E-4,2.3737695E-4,2.9054407E-4,3.7272327E-4,2.8242025E-4,3.5280286E-4,2.3495753E-4]
	  ,[1.4416153E-4,1.696692E-4,1.7288705E-4,2.0496475E-4,2.0696734E-4,2.1155625E-4,2.0455843E-4,2.2066236E-4,2.2969813E-4,2.4457485E-4,2.8992044E-4,2.7938214E-4,2.5378651E-4,2.6662922E-4,2.7034235E-4,2.6914793E-4,2.737136E-4,2.8607503E-4,3.0181585E-4,3.0688263E-4,3.8658149E-4,5.1242293E-4,3.5280286E-4,4.8936729E-4,2.8544276E-4]
	  ,[1.2886798E-4,1.490379E-4,1.3964444E-4,1.4885917E-4,1.4706686E-4,1.4951622E-4,1.4232802E-4,1.5258187E-4,1.563571E-4,1.5468824E-4,1.7743246E-4,1.7322606E-4,1.6461866E-4,1.7321943E-4,1.7511587E-4,1.742477E-4,1.7765427E-4,1.8695067E-4,1.9794094E-4,2.0247767E-4,2.3303942E-4,2.7722731E-4,2.3495753E-4,2.8544276E-4,2.3138101E-4]]}
      ]
	}
      ]
     ,"HISTORY":[
	{"x4pointer":" "
	 ,"x4code":{"code":"20240910A", "date":"20240910", "act":"A", "dict":"HISTORY", "idict":15
	     ,"actHelp":"Important alterations"}
	,"x4freetext":[" OS. THICKNESS corrected in COMMON,"
		," COVARIANCE section replaced"]
	}
      ]
    }
    ,"COMMON":{"ncols":2, "nrows":1
      ,"x4headers":[
       {"icol":0, "header":"THICKNESS", "units":"ATOMS/B", "pointer":" "
	,"headerHelp":"Sample thickness", "pFlag":"1000000"
	,"unitsHelp":"atoms/barn","familyCode":"THK","convFc":1.0,"basicUnits":"ATOMS/B"}
      ,{"icol":1, "header":"TEMP", "units":"K", "pointer":" "
	,"headerHelp":"Sample temperature", "pFlag":"1000000"
	,"unitsHelp":"Kelvin","familyCode":"TEM","convFc":1.0,"basicUnits":"K"}
      ]
      ,"datacols":[
	 ["THICKNESS" ,"TEMP"      ]
	,["ATOMS/B"   ,"K"         ]
	,[" "         ," "         ]]
      ,"data":[
	 [0.06716,297]]}
    ,"DATA":{"ncols":4, "nrows":25
      ,"x4headers":[
       {"icol":0, "header":"EN-MIN", "units":"EV", "pointer":" "
	,"headerHelp":"Lower limit of incident projectile energy range", "pFlag":"2000000"
	,"unitsHelp":"electron-Volts","familyCode":"E","convFc":1.0,"basicUnits":"EV"}
      ,{"icol":1, "header":"EN-MAX", "units":"EV", "pointer":" "
	,"headerHelp":"Upper limit of incident projectile energy range", "pFlag":"3000000"
	,"unitsHelp":"electron-Volts","familyCode":"E","convFc":1.0,"basicUnits":"EV"}
      ,{"icol":2, "header":"DATA", "units":"NO-DIM", "pointer":" "
	,"headerHelp":"Value of quantity specified under REACTION", "pFlag":"0001000"
	,"unitsHelp":"no Dimensions","familyCode":"NO","convFc":1.0,"basicUnits":"NO-DIM"}
      ,{"icol":3, "header":"DATA-ERR", "units":"NO-DIM", "pointer":" "
	,"headerHelp":"Error in value of quantity, defined under ERR-ANALYS", "pFlag":"0009110"
	,"unitsHelp":"no Dimensions","familyCode":"NO","convFc":1.0,"basicUnits":"NO-DIM"}
      ]
      ,"datacols":[
	 ["EN-MIN"    ,"EN-MAX"    ,"DATA"      ,"DATA-ERR"  ]
	,["EV"        ,"EV"        ,"NO-DIM"    ,"NO-DIM"    ]
	,[" "         ," "         ," "         ," "         ]]
      ,"data":[
	 [171.825,295.929,0.355627,0.00872766]
	,[295.929,625.829,0.410585,0.0100385]
	,[625.829,2101.08,0.373985,0.00931219]
	,[2101.08,2316.49,0.37988,0.0104144]
	,[2316.49,2566.8,0.370917,0.0103916]
	,[2566.8,2859.99,0.375834,0.0105713]
	,[2859.99,3206.45,0.354472,0.0101411]
	,[3206.45,3619.89,0.378313,0.0108884]
	,[3619.89,4118.77,0.383676,0.0112551]
	,[4118.77,4728.37,0.361678,0.0118337]
	,[4728.37,5484.04,0.404155,0.0139932]
	,[5484.04,6218.71,0.397119,0.0135113]
	,[6218.71,7111.53,0.388466,0.0122677]
	,[7111.53,8211.4,0.407943,0.0128604]
	,[8211.4,9587.66,0.410146,0.0130062]
	,[9587.66,11341.3,0.406325,0.0129205]
	,[11341.3,13624.6,0.413091,0.0131156]
	,[13624,16672.4,0.434528,0.013692]
	,[16672.3,20871.1,0.458367,0.0144231]
	,[20871.1,26881.4,0.467627,0.014655]
	,[26881.4,35917.8,0.490248,0.0182673]
	,[35917.8,50413.4,0.502413,0.024607]
	,[50413.4,75847.7,0.528875,0.0168054]
	,[75847.7,126802,0.566204,0.0221217]
	,[126802,253681,0.586579,0.0152112]]}
  ,"datasets":[
{"iDataset":0, "DatasetID":"14686002", "Pointer":" "
 ,"Subent":"14686002", "compiled":20241001
 ,"year1":2020, "author1ini":"J.M.", "author1":"Brown"
 ,"zTarg1":73 ,"aTarg1":181, "targ1":"Ta-181", "proj1":"n", "emis1":"TOT", "prod1":"", "MF":0, "MT":0
 ,"nExpectedArgs":2 ,"IndepVarFamilyCode":"0 2   6", "yFormula":"y=DATA(EN,TMS)"
 ,"ReactionType":"TOF", "quant":"CS", "quantExpan":"Transmission"
 ,"reacode":"73-TA-181(N,TOT),,TRN,,AV"
 ,"compNotes":["OPERATION...  Value=(Min+Max)/2  Min:EN-MIN, Max:EN-MAX"]
 ,"wx4data":6
 ,"lx4data":25
 ,"x4data":[
   {"ivar":0, "cvar":"y", "fam":"Data", "ifComm":false, "ifCM":false
    ,"header":"DATA", "units":"NO-DIM", "basicUnits":"NO-DIM"
    ,"what":"Y.Value", "dataType":"21", "rank":0.1
    ,"expansion":"Data: data"
    ,"dat0":[0.355627,0.410585,0.373985,0.37988,0.370917,0.375834,0.354472,0.378313,0.383676,0.361678
	,0.404155,0.397119,0.388466,0.407943,0.410146,0.406325,0.413091,0.434528,0.458367,0.467627
	,0.490248,0.502413,0.528875,0.566204,0.586579]
   ,"dat1eq":true}
  ,{"ivar":1, "cvar":"dy", "fam":"Data", "ifComm":false, "ifCM":false
    ,"header":"DATA-ERR", "units":"NO-DIM", "basicUnits":"NO-DIM"
    ,"what":"Y.Err+-", "dataType":"21", "rank":0.911
    ,"expansion":"Data: data /Error/"
    ,"dat0":[0.00872766,0.0100385,0.00931219,0.0104144,0.0103916,0.0105713,0.0101411,0.0108884,0.0112551,0.0118337
	,0.0139932,0.0135113,0.0122677,0.0128604,0.0130062,0.0129205,0.0131156,0.013692,0.0144231,0.014655
	,0.0182673,0.024607,0.0168054,0.0221217,0.0152112]
   ,"dat1eq":true}
  ,{"ivar":2, "cvar":"x1", "fam":"EN", "ifComm":false, "ifCM":false
    ,"header":"EN-MIN", "units":"EV", "basicUnits":"EV"
    ,"what":"X1.Min", "dataType":"41", "rank":1.2
    ,"expansion":"Incident energy: energy"
    ,"dat0":[171.825,295.929,625.829,2101.08,2316.49,2566.8,2859.99,3206.45,3619.89,4118.77
	,4728.37,5484.04,6218.71,7111.53,8211.4,9587.66,11341.3,13624,16672.3,20871.1
	,26881.4,35917.8,50413.4,75847.7,1.26802e+5]
   ,"dat1eq":true}
  ,{"ivar":3, "cvar":"x1", "fam":"EN", "ifComm":false, "ifCM":false
    ,"header":"EN-MAX", "units":"EV", "basicUnits":"EV"
    ,"what":"X1.Max", "dataType":"41", "rank":1.3
    ,"expansion":"Incident energy: energy"
    ,"dat0":[295.929,625.829,2101.08,2316.49,2566.8,2859.99,3206.45,3619.89,4118.77,4728.37
	,5484.04,6218.71,7111.53,8211.4,9587.66,11341.3,13624.6,16672.4,20871.1,26881.4
	,35917.8,50413.4,75847.7,1.26802e+5,2.53681e+5]
   ,"dat1eq":true}
  ,{"ivar":4, "cvar":"x2", "fam":"TMS", "ifComm":true , "ifCM":false
    ,"header":"TEMP", "units":"K", "basicUnits":"K"
    ,"what":"X2.Value", "dataType":"82", "rank":2.1
    ,"expansion":"Other variable: sample temperature"
    ,"com0":297
    ,"com1":297}
  ,{"ivar":5, "cvar":"x2", "fam":"THS", "ifComm":true , "ifCM":false
    ,"header":"THICKNESS", "units":"ATOMS/B", "basicUnits":"ATOMS/B"
    ,"what":"X2.Value", "dataType":"83", "rank":2.1
    ,"expansion":"Other variable: sample thickness"
    ,"com0":0.06716
    ,"com1":0.06716}
  ]
 ,"wc5data":3
 ,"lc5data":25
 ,"c5data":{
    "y":{"icvar":0, "cvar":"y", "fam":"Data", "ifCM":false, "units":"NO-DIM"
      ,"header":"DATA", "dataType":"21", "rank":0.0
      ,"expansion":"Data: data"
      ,"y":[0.355627,0.410585,0.373985,0.37988,0.370917,0.375834,0.354472,0.378313,0.383676,0.361678
	,0.404155,0.397119,0.388466,0.407943,0.410146,0.406325,0.413091,0.434528,0.458367,0.467627
	,0.490248,0.502413,0.528875,0.566204,0.586579]
      ,"dy":[0.00872766,0.0100385,0.00931219,0.0104144,0.0103916,0.0105713,0.0101411,0.0108884,0.0112551,0.0118337
	,0.0139932,0.0135113,0.0122677,0.0128604,0.0130062,0.0129205,0.0131156,0.013692,0.0144231,0.014655
	,0.0182673,0.024607,0.0168054,0.0221217,0.0152112]   }
   ,"x1":{"icvar":1, "cvar":"x1", "fam":"EN", "ifCM":false, "units":"EV"
      ,"header":"EN", "dataType":"41", "rank":1.0
      ,"expansion":"Incident energy: energy"
      ,"x1":[233.877,460.879,1363.45,2208.79,2441.65,2713.4,3033.22,3413.17,3869.33,4423.57
	,5106.21,5851.38,6665.12,7661.46,8899.53,10464.5,12482.9,15148.2,18771.7,23876.3
	,31399.6,43165.6,63130.6,1.01325e+5,1.90242e+5]
      ,"dx1":[62.052,164.95,737.625,107.705,125.155,146.595,173.23,206.72,249.44,304.8
	,377.835,367.335,446.41,549.936,688.13,876.819,1141.65,1524.2,2099.4,3005.15
	,4518.2,7247.8,12717.2,25477.1,63439.5]   }
   ,"x2":{"icvar":2, "cvar":"x2", "fam":"TMS", "ifCM":false, "units":"K"
      ,"header":"TMS", "dataType":"82", "rank":2.0
      ,"expansion":"Other variable: sample temperature"
      ,"x2":[0.06716,0.06716,0.06716,0.06716,0.06716,0.06716,0.06716,0.06716,0.06716,0.06716
	,0.06716,0.06716,0.06716,0.06716,0.06716,0.06716,0.06716,0.06716,0.06716,0.06716
	,0.06716,0.06716,0.06716,0.06716,0.06716]
   }
 }
}
   ]
   }
  ]
 }
