  {"ENTRY":"22211", "updated":20200925, "TransID":"2295", "TransDate":20210105, "CenterID":"NEA-DB", "Center":"OECD/NEA Nuclear Data Bank, Boulogne-Billancourt, France"
   ,"y1":1990,"a1":"T.Iwasaki+","r1":"J,NST,27,885,1990"
   ,"ref":"Jour: Jour. of Nuclear Science and Technology, Vol.27, p.885 (1990)"
   ,"title":"Measurement of fast neutron induced fission cross section ratios of Pu-240 and Pu-242 relative to U-235"
   ,"x4subents":[
   {"SUBENT":"22211001", "isub":1, "compiled":20200925, "TransID":"2295", "TransDate":20210105
    ,"BIB":{
      "TITLE":[
	{"x4pointer":" "
	 ,"x4code":null
	,"x4freetext":["Measurement of fast neutron induced fission cross"
		," section ratios of Pu-240 and Pu-242 relative to U-235"]
	}
      ]
     ,"AUTHOR":[
	{"x4pointer":" "
	 ,"x4codes":[{"name":"T.Iwasaki","ini":"T.","nam":"Iwasaki"}
	    ,{"name":"F.Manabe","ini":"F.","nam":"Manabe"}
	    ,{"name":"M.Baba","ini":"M.","nam":"Baba"}
	    ,{"name":"S.Matsuyama","ini":"S.","nam":"Matsuyama"}
	    ,{"name":"H.Kimiyama","ini":"H.","nam":"Kimiyama"}
	    ,{"name":"N.Hirakawa","ini":"N.","nam":"Hirakawa"}]
	}
      ]
     ,"REFERENCE":[
	{"x4pointer":" "
	 ,"x4codes":[{"code":"J,NST,27,885,1990","stdFileName":"J,NST,27,885,1990"
		,"year":1990,"typ":"J","ref":"J,NST","vol":"27","p":"885"
		,"shortRef":"Jour: Jour. of Nuclear Science and Technology, Vol.27, p.885 (1990)"}]
	}
	,{"x4pointer":" "
	 ,"x4codes":[{"code":"C,88MITO,,119,1988","stdFileName":"C,88MITO,,119,1988"
		,"year":1988,"typ":"C","ref":"C,88MITO"
		,"shortRef":"Conf: Conf.on Nucl.Data For Sci.and Technol.,Mito 1988, p.119 (1988)"}]
	,"x4freetext":[" 242Pu(n,f)/235U(n,f) in fig"]
	}
	,{"x4pointer":" "
	 ,"x4codes":[{"code":"S,JAERI-M-88-065,357,1988","stdFileName":"R,JAERI-M-88-065,357,1988"
		,"year":1988,"typ":"S","ref":"R,JAERI-M-","no":"88-065","p":"357"
		,"shortRef":"Conf: JAERI-M Reports, No.88-065, p.357 (1988)"}]
	,"x4freetext":[")"
		," 242Pu(n,f)/235U(n,f) in fig"]
	}
      ]
     ,"INSTITUTE":[
	{"x4pointer":" "
	 ,"x4codes":[{"code":"2JPNTOH", "dict":"INSTITUTE", "idict":3,"hlp":"Tohoku Univ., Sendai, Japan"}]
	}
      ]
     ,"FACILITY":[
	{"x4pointer":" "
	 ,"x4codes":[{"code":"DYNAM", "dict":"FACILITY", "idict":18,"hlp":"Dynamitron"}
	    ,{"code":"2JPNTOH", "dict":"INSTITUTE", "idict":3,"hlp":"Tohoku Univ., Sendai, Japan"}]
	,"x4freetext":[" 4.5 MV Dynamitron accelerator"]
	}
      ]
     ,"INC-SOURCE":[
	{"x4pointer":" "
	 ,"x4codes":[{"code":"P-LI7", "dict":"INC-SOURCE", "idict":19,"hlp":"7Li(p,n)"}]
	,"x4freetext":[" En=0.6-1.4 MeV: 720 ug/cm2 LiF on Cu plate"
		,"        En=1.4-1.8 MeV: 840 ug/cm2 LiF on Pt plate"]
	}
	,{"x4pointer":" "
	 ,"x4codes":[{"code":"P-T", "dict":"INC-SOURCE", "idict":19,"hlp":"3H(p,n)"}]
	,"x4freetext":["   En=0.9-2.2 MeV: 600 ug/cm2 T-Ti"
		,"        En=1.8-2.7 MeV: 2.5 mg/cm2 T-Ti"]
	}
	,{"x4pointer":" "
	 ,"x4codes":[{"code":"D-D", "dict":"INC-SOURCE", "idict":19,"hlp":"2H(d,n)"}]
	,"x4freetext":["   En=3.6-6.9 MeV: D2 gas (1.5 atm) in Cu gas cell"
		,"         (10 mm inner diam., 30 mm length, sealed with"
		,"          a 2.2 um thick Havar foil"]
	}
      ]
     ,"INC-SPECT":[
	{"x4pointer":" "
	 ,"x4code":null
	,"x4freetext":["The neutron spectrum was measured by TOF by using a"
		," NE213 scintillator (5.08 cm diam., 5.08 cm thick)."
		,"Since the solid angle for the fission chamber was"
		," larger, the effective neutron spectrum was calculated"
		," using a MONTE CARLO code."]
	}
      ]
     ,"SAMPLE":[
	{"x4pointer":" "
	 ,"x4code":null
	,"x4freetext":["Each sample (10-90 ug/cm2, 25 mm in diam.)"
		," electroplated on a Pt plate (0.3 mm thick, 36 mm in"
		," diam.), sintered into oxide to fix to the plate."
		,"The number of atoms was detemrined by low geometry"
		," alpha-spectrometry and impurities were analyzed by"
		," mass spectrometry."]
	}
      ]
     ,"METHOD":[
	{"x4pointer":" "
	 ,"x4codes":[{"code":"TOF", "dict":"METHOD", "idict":21,"hlp":"Time-of-flight"}]
	,"x4freetext":[" TOF and pulse height signals recorded"]
	}
      ]
     ,"DETECTOR":[
	{"x4pointer":" "
	 ,"x4codes":[{"code":"FISCH", "dict":"DETECTOR", "idict":22,"hlp":"Fission chamber"}]
	,"x4freetext":[" Parallel plate low mass ionization chamber"
		," (44 mm diam., 32 mm height) placed about 3 cm from"
		," the neutron producing target."
		," The Pu and U samples mounted back-to-back were"
		,"  rotated by 180 deg between the 1st and 2nd runs"]
	}
	,{"x4pointer":" "
	 ,"x4codes":[{"code":"BF3", "dict":"DETECTOR", "idict":22,"hlp":"Boron Trifluoride neutron detector"}]
	,"x4freetext":[" Placed about 6 m from the target at 90 deg to"
		," the beam to monitor stablity of neutron generation."]
	}
      ]
     ,"CORRECTION":[
	{"x4pointer":" "
	 ,"x4code":null
	,"x4freetext":["Corrected for"
		," - spontaneous fissions"
		," - fissions by room-scattered neutrons,"
		," - fission counts obscured by alpha-pulses"
		," - self-absorption of fission fragments in sample foil"
		," - non-uniformity of fission sample thickness"
		," - impurity nuclides in fission sample"
		," - parasitic neutrons and scattered neutrons"]
	}
      ]
     ,"HISTORY":[
	{"x4pointer":" "
	 ,"x4code":{"code":"19930116C", "date":"19930116", "act":"C", "dict":"HISTORY", "idict":15
	     ,"actHelp":"Compiled at the data center"}
	,"x4freetext":[" N.O."]
	}
	,{"x4pointer":" "
	 ,"x4code":{"code":"19930329E", "date":"19930329", "act":"E", "dict":"HISTORY", "idict":15
	     ,"actHelp":"Transmitted to other data centers"}
	}
	,{"x4pointer":" "
	 ,"x4code":{"code":"20071016A", "date":"20071016", "act":"A", "dict":"HISTORY", "idict":15
	     ,"actHelp":"Important alterations"}
	,"x4freetext":[" Date is corrected. Covariance matrices"
		,"            added to SAN 002, 003 - SM"]
	}
	,{"x4pointer":" "
	 ,"x4code":{"code":"20200925A", "date":"20200925", "act":"A", "dict":"HISTORY", "idict":15
	     ,"actHelp":"Important alterations"}
	,"x4freetext":[" On. Recompiled."]
	}
      ]
    }
   }
  ,{"SUBENT":"22211002", "isub":2, "compiled":20200925, "TransID":"2295", "TransDate":20210105
    ,"BIB":{
      "REACTION":[
	{"x4pointer":" "
	 ,"x4code":{"code":"(94-PU-240(N,F),,SIG)/(92-U-235(N,F),,SIG)"
	    ,"c4reac":"((N,F),SIG)/((N,F),SIG)"
	    ,"combi":"a/a","combiQuant":"Ratio of [Cross section]"
	    ,"MF":203
	    ,"MT":18
	    ,"Units":"NO-DIM"
	    ,"reacs": [
	    {"code":"94-PU-240(N,F),,SIG"
		,"Reac":"N,F"
		,"SF1":"94-PU-240","Targ":{"code":"94-PU-240","nam":"Pu-240","ZA":94240}
		,"SF2":"N","Proj":{"code":"N","nam":"n","ZA":1}
		,"SF3":"F","procHlp":"Fission"
		,"SF6":"SIG"
		,"SF58":",SIG","Quant":"CS","BasicUnits":"B","QuantHlp":"Cross section"
	    }
	    ,{"code":"92-U-235(N,F),,SIG"
		,"Reac":"N,F"
		,"SF1":"92-U-235","Targ":{"code":"92-U-235","nam":"U-235","ZA":92235}
		,"SF2":"N","Proj":{"code":"N","nam":"n","ZA":1}
		,"SF3":"F","procHlp":"Fission"
		,"SF6":"SIG"
		,"SF58":",SIG","Quant":"CS","BasicUnits":"B","QuantHlp":"Cross section"
	    }]}
	}
      ]
     ,"SAMPLE":[
	{"x4pointer":" "
	 ,"x4code":{"Nucl":"92-U-235","ENR":0.9991}
	,"x4freetext":[" 233U(5E-6%), 234U(0.03%), 236U(0.02%), 238U(0.04%)."
		," 90.51 ug/cm2 (U-235a) and 149.9 ug/cm2 (U-235b)"]
	}
	,{"x4pointer":" "
	 ,"x4code":{"Nucl":"94-PU-240","ENR":0.9868}
	,"x4freetext":[" 238Pu(0.007%),239Pu(0.75%),241Pu(0.32%),242Pu(0.24%)."
		," 97.08 ug/cm2"]
	}
      ]
     ,"COVARIANCE":[
	{"x4pointer":" "
	 ,"x4code":null
	,"x4freedata":[{"name": "22211002.COR (PER-CENT)"
	, "lx":19, "ly":19, "lz":361, "xm":1.0, "ym":1.0, "zm":0.01
	, "xunit":"EN", "yunit":"EN", "zunit":"PER-CENT"
	, "xname":"MEV", "yname":"MEV", "zname":"COR", "comment":""
	, "xarr":[ 0.669, 0.796, 0.922, 1.014, 1.203, 1.4, 1.579, 1.652, 1.892, 2.124, 2.389, 2.621, 3.609, 4.021, 4.579, 5.27, 5.699, 6.262, 6.567]
	, "yarr":[ 0.669, 0.796, 0.922, 1.014, 1.203, 1.4, 1.579, 1.652, 1.892, 2.124, 2.389, 2.621, 3.609, 4.021, 4.579, 5.27, 5.699, 6.262, 6.567]
	, "zarr":[
	   [100.0, 41.0, 34.0, 34.0, 34.0, 41.0, 43.0, 43.0, 50.0, 44.0, 45.0, 41.0, 49.0, 48.0, 46.0, 44.0, 36.0, 31.0, 36.0]
	  ,[ 41.0,100.0, 37.0, 35.0, 26.0, 32.0, 36.0, 31.0, 48.0, 32.0, 33.0, 27.0, 55.0, 50.0, 45.0, 42.0, 28.0, 22.0, 37.0]
	  ,[ 34.0, 37.0,100.0, 28.0, 25.0, 30.0, 32.0, 30.0, 40.0, 31.0, 32.0, 28.0, 42.0, 39.0, 37.0, 35.0, 26.0, 22.0, 29.0]
	  ,[ 34.0, 35.0, 28.0,100.0, 26.0, 31.0, 33.0, 32.0, 40.0, 33.0, 33.0, 30.0, 40.0, 39.0, 37.0, 35.0, 27.0, 23.0, 29.0]
	  ,[ 34.0, 26.0, 25.0, 26.0,100.0, 37.0, 36.0, 40.0, 40.0, 41.0, 41.0, 40.0, 35.0, 36.0, 37.0, 35.0, 32.0, 29.0, 27.0]
	  ,[ 41.0, 32.0, 30.0, 31.0, 37.0,100.0, 43.0, 48.0, 48.0, 48.0, 49.0, 47.0, 43.0, 43.0, 44.0, 42.0, 38.0, 34.0, 33.0]
	  ,[ 43.0, 36.0, 32.0, 33.0, 36.0, 43.0,100.0, 47.0, 50.0, 48.0, 48.0, 46.0, 47.0, 46.0, 46.0, 44.0, 38.0, 33.0, 35.0]
	  ,[ 43.0, 31.0, 30.0, 32.0, 40.0, 48.0, 47.0,100.0, 50.0, 54.0, 54.0, 53.0, 43.0, 44.0, 46.0, 44.0, 42.0, 38.0, 34.0]
	  ,[ 50.0, 48.0, 40.0, 40.0, 40.0, 48.0, 50.0, 50.0,100.0, 52.0, 53.0, 48.0, 59.0, 57.0, 55.0, 52.0, 42.0, 36.0, 43.0]
	  ,[ 44.0, 32.0, 31.0, 33.0, 41.0, 48.0, 48.0, 54.0, 52.0,100.0, 55.0, 54.0, 44.0, 45.0, 47.0, 45.0, 42.0, 38.0, 35.0]
	  ,[ 45.0, 33.0, 32.0, 33.0, 41.0, 49.0, 48.0, 54.0, 53.0, 55.0,100.0, 55.0, 46.0, 46.0, 48.0, 46.0, 43.0, 38.0, 35.0]
	  ,[ 41.0, 27.0, 28.0, 30.0, 40.0, 47.0, 46.0, 53.0, 48.0, 54.0, 55.0,100.0, 40.0, 41.0, 44.0, 42.0, 41.0, 37.0, 32.0]
	  ,[ 49.0, 55.0, 42.0, 40.0, 35.0, 43.0, 47.0, 43.0, 59.0, 44.0, 46.0, 40.0,100.0, 59.0, 55.0, 51.0, 37.0, 31.0, 43.0]
	  ,[ 48.0, 50.0, 39.0, 39.0, 36.0, 43.0, 46.0, 44.0, 57.0, 45.0, 46.0, 41.0, 59.0,100.0, 54.0, 49.0, 38.0, 32.0, 41.0]
	  ,[ 46.0, 45.0, 37.0, 37.0, 37.0, 44.0, 46.0, 46.0, 55.0, 47.0, 48.0, 44.0, 55.0, 54.0,100.0, 49.0, 39.0, 33.0, 40.0]
	  ,[ 44.0, 42.0, 35.0, 35.0, 35.0, 42.0, 44.0, 44.0, 52.0, 45.0, 46.0, 42.0, 51.0, 49.0, 49.0,100.0, 37.0, 32.0, 38.0]
	  ,[ 36.0, 28.0, 26.0, 27.0, 32.0, 38.0, 38.0, 42.0, 42.0, 42.0, 43.0, 41.0, 37.0, 38.0, 39.0, 37.0,100.0, 30.0, 29.0]
	  ,[ 31.0, 22.0, 22.0, 23.0, 29.0, 34.0, 33.0, 38.0, 36.0, 38.0, 38.0, 37.0, 31.0, 32.0, 33.0, 32.0, 30.0,100.0, 25.0]
	  ,[ 36.0, 37.0, 29.0, 29.0, 27.0, 33.0, 35.0, 34.0, 43.0, 35.0, 35.0, 32.0, 43.0, 41.0, 40.0, 38.0, 29.0, 25.0,100.0]]}
      ]
	}
      ]
     ,"ERR-ANALYS":[
	{"x4pointer":" "
	 ,"x4code":{"header":"ERR-T"
	     ,"headerHelp":"Total uncertainty (1-Sigma)"}
	,"x4freetext":["         Overall uncertainty   (1.5-2.6%)"]
	}
	,{"x4pointer":" "
	 ,"x4code":{"header":"ERR-1"
	     ,"headerHelp":"1st partial uncertainty, defined under ERR-ANALYS"}
	,"x4freetext":["         Number of 240Pu atoms     (0.3%)"]
	}
	,{"x4pointer":" "
	 ,"x4code":{"header":"ERR-2", "min":"1.0", "max":"2.1"
	     ,"headerHelp":"2nd partial uncertainty, defined under ERR-ANALYS"}
	,"x4freetext":[" Fission rates         (1.0-2.1%)"]
	}
	,{"x4pointer":" "
	 ,"x4code":{"header":"ERR-3", "min":"0.1", "max":"1.8"
	     ,"headerHelp":"3rd partial uncertainty, defined under ERR-ANALYS"}
	,"x4freetext":[" Correction            (0.1-1.8%)"]
	}
      ]
     ,"MISC-COL":[
	{"x4pointer":" "
	 ,"x4codes":[{"code":"MISC"}]
	,"x4freetext":[" Overall uncertainty in the absolute unit"]
	}
      ]
     ,"STATUS":[
	{"x4pointer":" "
	 ,"x4code":{"code":"TABLE"
		,"flag":"TABLE", "hlp":"Data presented by authors"
		}
	,"x4freetext":[" Table 5 of J.Nucl.Sci.Technol.27(1990)885"]
	}
      ]
     ,"HISTORY":[
	{"x4pointer":" "
	 ,"x4code":{"code":"20071016A", "date":"20071016", "act":"A", "dict":"HISTORY", "idict":15
	     ,"actHelp":"Important alterations"}
	,"x4freetext":[" S.M. Covariation matrix added from"
		," main reference. SAMPLE keyword moved from SAN 001"]
	}
	,{"x4pointer":" "
	 ,"x4code":{"code":"20200925A", "date":"20200925", "act":"A", "dict":"HISTORY", "idict":15
	     ,"actHelp":"Important alterations"}
	,"x4freetext":[" On. COVARIANCE reformatted. Data checked."]
	}
      ]
    }
    ,"COMMON":{"ncols":1, "nrows":1
      ,"x4headers":[
       {"icol":0, "header":"ERR-1", "units":"PER-CENT", "pointer":" "
	,"headerHelp":"1st partial uncertainty, defined under ERR-ANALYS", "pFlag":"0009550"
	,"unitsHelp":"per-cent","familyCode":"PC","convFc":1.0,"basicUnits":"PER-CENT"}
      ]
      ,"datacols":[
	 ["ERR-1"     ]
	,["PER-CENT"  ]
	,[" "         ]]
      ,"data":[
	 [0.3]]}
    ,"DATA":{"ncols":5, "nrows":19
      ,"x4headers":[
       {"icol":0, "header":"EN", "units":"MEV", "pointer":" "
	,"headerHelp":"Energy of incident projectile, laboratory system", "pFlag":"1000000"
	,"unitsHelp":"MeV","familyCode":"E","convFc":1000000.0,"basicUnits":"EV"}
      ,{"icol":1, "header":"EN-RSL-HW", "units":"MEV", "pointer":" "
	,"headerHelp":"Incident projectile energy resolution (Half width)", "pFlag":"9330000"
	,"unitsHelp":"MeV","familyCode":"E","convFc":1000000.0,"basicUnits":"EV"}
      ,{"icol":2, "header":"DATA", "units":"NO-DIM", "pointer":" "
	,"headerHelp":"Value of quantity specified under REACTION", "pFlag":"0001000"
	,"unitsHelp":"no Dimensions","familyCode":"NO","convFc":1.0,"basicUnits":"NO-DIM"}
      ,{"icol":3, "header":"ERR-T", "units":"PER-CENT", "pointer":" "
	,"headerHelp":"Total uncertainty (1-Sigma)", "pFlag":"0009110"
	,"unitsHelp":"per-cent","familyCode":"PC","convFc":1.0,"basicUnits":"PER-CENT"}
      ,{"icol":4, "header":"MISC", "units":"NO-DIM", "pointer":" "
	,"headerHelp":"Miscellaneous Information, defined under MISC-COL.", "pFlag":"0000000"
	,"unitsHelp":"no Dimensions","familyCode":"NO","convFc":1.0,"basicUnits":"NO-DIM"}
      ]
      ,"datacols":[
	 ["EN"        ,"EN-RSL-HW" ,"DATA"      ,"ERR-T"     ,"MISC"      ]
	,["MEV"       ,"MEV"       ,"NO-DIM"    ,"PER-CENT"  ,"NO-DIM"    ]
	,[" "         ," "         ," "         ," "         ," "         ]]
      ,"data":[
	 [0.669,0.04,0.699,1.87,0.013]
	,[0.796,0.033,1.034,2.51,0.026]
	,[0.922,0.048,1.162,2.58,0.03]
	,[1.014,0.059,1.195,2.45,0.029]
	,[1.203,0.073,1.254,1.98,0.025]
	,[1.4,0.069,1.238,1.71,0.021]
	,[1.579,0.056,1.249,1.74,0.022]
	,[1.652,0.34,1.288,1.54,0.02]
	,[1.892,0.334,1.314,1.61,0.021]
	,[2.124,0.33,1.303,1.52,0.02]
	,[2.389,0.326,1.293,1.52,0.02]
	,[2.621,0.318,1.333,1.55,0.021]
	,[3.609,0.39,1.427,1.85,0.026]
	,[4.021,0.304,1.407,1.82,0.026]
	,[4.579,0.256,1.428,1.76,0.025]
	,[5.27,0.242,1.464,1.85,0.027]
	,[5.699,0.246,1.506,1.99,0.03]
	,[6.262,0.26,1.456,2.23,0.032]
	,[6.567,0.27,1.393,2.44,0.034]]}
  ,"datasets":[
{"iDataset":0, "DatasetID":"22211002", "Pointer":" "
 ,"Subent":"22211002", "compiled":20200925
 ,"year1":1990, "author1ini":"T.", "author1":"Iwasaki"
 ,"zTarg1":94 ,"aTarg1":240, "targ1":"Pu-240", "proj1":"n", "emis1":"F", "prod1":"", "MF":203, "MT":18
 ,"nExpectedArgs":1 ,"IndepVarFamilyCode":"0 2", "yFormula":"y=DATA(EN)"
 ,"ReactionType":"Ratio", "quant":"CS", "quantExpan":"Ratio of [Cross section]"
 ,"reacode":"(94-PU-240(N,F),,SIG)/(92-U-235(N,F),,SIG)"
 ,"compNotes":["ERR-ANALYS:(ERR-2,1.0,2.1)    ADDED AS COMMON:ERR-2,PER-CENT=1.0%"
	,"ERR-ANALYS:(ERR-3,0.1,1.8)    ADDED AS COMMON:ERR-3,PER-CENT=0.1%"]
 ,"wx4data":8
 ,"lx4data":19
 ,"x4data":[
   {"ivar":0, "cvar":"y", "fam":"Data", "ifComm":false, "ifCM":false
    ,"header":"DATA", "units":"NO-DIM", "basicUnits":"NO-DIM"
    ,"what":"Y.Value", "dataType":"21", "rank":0.1
    ,"expansion":"Data: data"
    ,"dat0":[0.699,1.034,1.162,1.195,1.254,1.238,1.249,1.288,1.314,1.303
	,1.293,1.333,1.427,1.407,1.428,1.464,1.506,1.456,1.393]
   ,"dat1eq":true}
  ,{"ivar":1, "cvar":"dy", "fam":"Data", "ifComm":false, "ifCM":false
    ,"header":"ERR-T", "units":"PER-CENT", "basicUnits":"PER-CENT"
    ,"what":"Y.Err+-", "dataType":"21", "rank":0.911
    ,"expansion":"Data: data /Error/"
    ,"dat0":[1.87,2.51,2.58,2.45,1.98,1.71,1.74,1.54,1.61,1.52
	,1.52,1.55,1.85,1.82,1.76,1.85,1.99,2.23,2.44]
   ,"dat1eq":true}
  ,{"ivar":2, "cvar":"dy", "fam":"Data", "ifComm":true , "ifCM":false
    ,"header":"ERR-1", "units":"PER-CENT", "basicUnits":"PER-CENT"
    ,"what":"Y.pErr+-", "dataType":"21", "rank":0.955
    ,"expansion":"Data: data /Error/"
    ,"com0":0.3
    ,"com1":0.3}
  ,{"ivar":3, "cvar":"dy", "fam":"Data", "ifComm":true , "ifCM":false
    ,"header":"ERR-2", "units":"PER-CENT", "basicUnits":"PER-CENT"
    ,"what":"Y.pErr+-", "dataType":"21", "rank":0.955
    ,"expansion":"Data: data /Error/"
    ,"com0":1
    ,"com1":1}
  ,{"ivar":4, "cvar":"dy", "fam":"Data", "ifComm":true , "ifCM":false
    ,"header":"ERR-3", "units":"PER-CENT", "basicUnits":"PER-CENT"
    ,"what":"Y.pErr+-", "dataType":"21", "rank":0.955
    ,"expansion":"Data: data /Error/"
    ,"com0":0.1
    ,"com1":0.1}
  ,{"ivar":5, "cvar":"x1", "fam":"EN", "ifComm":false, "ifCM":false
    ,"header":"EN", "units":"MEV", "basicUnits":"EV"
    ,"what":"X1.Value", "dataType":"41", "rank":1.1
    ,"expansion":"Incident energy: energy"
    ,"dat0":[0.669,0.796,0.922,1.014,1.203,1.4,1.579,1.652,1.892,2.124
	,2.389,2.621,3.609,4.021,4.579,5.27,5.699,6.262,6.567]
    ,"dat1":[6.69e+5,7.96e+5,9.22e+5,1.014e+6,1.203e+6,1.4e+6,1.579e+6,1.652e+6,1.892e+6,2.124e+6
	,2.389e+6,2.621e+6,3.609e+6,4.021e+6,4.579e+6,5.27e+6,5.699e+6,6.262e+6,6.567e+6]}
  ,{"ivar":6, "cvar":"dx1", "fam":"EN", "ifComm":false, "ifCM":false
    ,"header":"EN-RSL-HW", "units":"MEV", "basicUnits":"EV"
    ,"what":"X1.hRes+-", "dataType":"41", "rank":1.933
    ,"expansion":"Incident energy: energy /Error/"
    ,"dat0":[0.04,0.033,0.048,0.059,0.073,0.069,0.056,0.34,0.334,0.33
	,0.326,0.318,0.39,0.304,0.256,0.242,0.246,0.26,0.27]
    ,"dat1":[4.0e+4,3.3e+4,4.8e+4,5.9e+4,7.3e+4,6.9e+4,5.6e+4,3.4e+5,3.34e+5,3.3e+5
	,3.26e+5,3.18e+5,3.9e+5,3.04e+5,2.56e+5,2.42e+5,2.46e+5,2.6e+5,2.7e+5]}
  ,{"ivar":7, "cvar":"zzz", "fam":"", "ifComm":false, "ifCM":false
    ,"header":"MISC", "units":"NO-DIM", "basicUnits":"NO-DIM"
    ,"what":"ZZZ", "dataType":"09", "rank":777.0
    ,"expansion":"Flags, etc."
    ,"dat0":[0.013,0.026,0.03,0.029,0.025,0.021,0.022,0.02,0.021,0.02
	,0.02,0.021,0.026,0.026,0.025,0.027,0.03,0.032,0.034]
   ,"dat1eq":true}
  ]
 ,"wc5data":2
 ,"lc5data":19
 ,"c5data":{
    "y":{"icvar":0, "cvar":"y", "fam":"Data", "ifCM":false, "units":"NO-DIM"
      ,"header":"DATA", "dataType":"21", "rank":0.0
      ,"expansion":"Data: data"
      ,"y":[0.699,1.034,1.162,1.195,1.254,1.238,1.249,1.288,1.314,1.303
	,1.293,1.333,1.427,1.407,1.428,1.464,1.506,1.456,1.393]
      ,"dy":[0.0130713,0.0259534,0.0299796,0.0292775,0.0248292,0.0211698,0.0217326,0.0198352,0.0211554,0.0198056
	,0.0196536,0.0206615,0.0263995,0.0256074,0.0251328,0.027084,0.0299694,0.0324688,0.0339892]
      ,"dysys":[0.00733117,0.0108447,0.0121872,0.0125333,0.0131521,0.0129843,0.0130996,0.0135087,0.0137813,0.013666
	,0.0135611,0.0139806,0.0149665,0.0147567,0.014977,0.0153546,0.0157951,0.0152707,0.0146099]   }
   ,"x1":{"icvar":1, "cvar":"x1", "fam":"EN", "ifCM":false, "units":"EV"
      ,"header":"EN", "dataType":"41", "rank":1.0
      ,"expansion":"Incident energy: energy"
      ,"x1":[6.69e+5,7.96e+5,9.22e+5,1.014e+6,1.203e+6,1.4e+6,1.579e+6,1.652e+6,1.892e+6,2.124e+6
	,2.389e+6,2.621e+6,3.609e+6,4.021e+6,4.579e+6,5.27e+6,5.699e+6,6.262e+6,6.567e+6]
      ,"dx1":[8.0e+4,6.6e+4,9.6e+4,1.18e+5,1.46e+5,1.38e+5,1.12e+5,6.8e+5,6.68e+5,6.6e+5
	,6.52e+5,6.36e+5,7.8e+5,6.08e+5,5.12e+5,4.84e+5,4.92e+5,5.2e+5,5.4e+5]   }
 }
 ,"ratio2data":{"REAC":"92-U-235(N,F),,SIG", "m1ref":"recom/u235nf"
      ,"m1":[1.11865,1.1147,1.17681,1.19887,1.21185,1.235,1.25646,1.26337,1.28363,1.2798
	,1.26495,1.25057,1.16154,1.13434,1.10633,1.05465,1.0387,1.23707,1.38277]
      ,"dm1":[0.0168781,0.0166625,0.017478,0.0178055,0.0179992,0.018379,0.0186219,0.0187246,0.01911,0.019053
	,0.0187798,0.0185667,0.0173063,0.0169004,0.0164899,0.0157196,0.015689,0.0193355,0.0216128] }
}
   ]
   }
  ,{"SUBENT":"22211003", "isub":3, "compiled":20200925, "TransID":"2295", "TransDate":20210105
    ,"BIB":{
      "REACTION":[
	{"x4pointer":" "
	 ,"x4code":{"code":"(94-PU-242(N,F),,SIG)/(92-U-235(N,F),,SIG)"
	    ,"c4reac":"((N,F),SIG)/((N,F),SIG)"
	    ,"combi":"a/a","combiQuant":"Ratio of [Cross section]"
	    ,"MF":203
	    ,"MT":18
	    ,"Units":"NO-DIM"
	    ,"reacs": [
	    {"code":"94-PU-242(N,F),,SIG"
		,"Reac":"N,F"
		,"SF1":"94-PU-242","Targ":{"code":"94-PU-242","nam":"Pu-242","ZA":94242}
		,"SF2":"N","Proj":{"code":"N","nam":"n","ZA":1}
		,"SF3":"F","procHlp":"Fission"
		,"SF6":"SIG"
		,"SF58":",SIG","Quant":"CS","BasicUnits":"B","QuantHlp":"Cross section"
	    }
	    ,{"code":"92-U-235(N,F),,SIG"
		,"Reac":"N,F"
		,"SF1":"92-U-235","Targ":{"code":"92-U-235","nam":"U-235","ZA":92235}
		,"SF2":"N","Proj":{"code":"N","nam":"n","ZA":1}
		,"SF3":"F","procHlp":"Fission"
		,"SF6":"SIG"
		,"SF58":",SIG","Quant":"CS","BasicUnits":"B","QuantHlp":"Cross section"
	    }]}
	}
      ]
     ,"SAMPLE":[
	{"x4pointer":" "
	 ,"x4code":{"Nucl":"92-U-235","ENR":0.9991}
	,"x4freetext":[" 233U(5E-6%), 234U(0.03%), 236U(0.02%), 238U(0.04%)."
		," 90.51 ug/cm2 (U-235a) and 149.9 ug/cm2 (U-235b)"]
	}
	,{"x4pointer":" "
	 ,"x4code":{"Nucl":"94-PU-242","ENR":0.9984}
	,"x4freetext":[" 238Pu(0.003%),239Pu(0.02%),240Pu(0.08%),241Pu(0.04%),"
		," 241Am(0.02%)."
		," 10.46 ug/cm2."]
	}
      ]
     ,"COVARIANCE":[
	{"x4pointer":" "
	 ,"x4code":null
	,"x4freedata":[{"name": "22211003.COR (PER-CENT)"
	, "lx":17, "ly":17, "lz":289, "xm":1.0, "ym":1.0, "zm":0.01
	, "xunit":"EN", "yunit":"EN", "zunit":"PER-CENT"
	, "xname":"MEV", "yname":"MEV", "zname":"COR", "comment":""
	, "xarr":[ 0.597, 0.797, 0.898, 0.906, 1.01, 1.098, 1.117, 1.193, 1.376, 1.39, 1.693, 2.144, 3.908, 5.182, 5.7, 6.195, 6.759]
	, "yarr":[ 0.597, 0.797, 0.898, 0.906, 1.01, 1.098, 1.117, 1.193, 1.376, 1.39, 1.693, 2.144, 3.908, 5.182, 5.7, 6.195, 6.759]
	, "zarr":[
	   [100.0, 46.0, 40.0, 56.0, 37.0, 56.0, 37.0, 40.0, 55.0, 57.0, 57.0, 52.0, 58.0, 49.0, 46.0, 43.0, 39.0]
	  ,[ 46.0,100.0, 32.0, 43.0, 29.0, 44.0, 30.0, 32.0, 44.0, 45.0, 45.0, 41.0, 45.0, 38.0, 36.0, 34.0, 31.0]
	  ,[ 40.0, 32.0,100.0, 37.0, 25.0, 38.0, 26.0, 28.0, 38.0, 38.0, 39.0, 36.0, 39.0, 33.0, 31.0, 29.0, 26.0]
	  ,[ 56.0, 43.0, 37.0,100.0, 34.0, 53.0, 35.0, 37.0, 51.0, 53.0, 54.0, 49.0, 54.0, 46.0, 44.0, 40.0, 37.0]
	  ,[ 37.0, 29.0, 25.0, 34.0,100.0, 35.0, 24.0, 26.0, 35.0, 35.0, 35.0, 33.0, 35.0, 30.0, 29.0, 27.0, 24.0]
	  ,[ 56.0, 44.0, 38.0, 53.0, 35.0,100.0, 35.0, 38.0, 52.0, 54.0, 55.0, 50.0, 54.0, 47.0, 44.0, 41.0, 38.0]
	  ,[ 37.0, 30.0, 26.0, 35.0, 24.0, 35.0,100.0, 26.0, 35.0, 36.0, 36.0, 33.0, 36.0, 31.0, 29.0, 27.0, 25.0]
	  ,[ 40.0, 32.0, 28.0, 37.0, 26.0, 38.0, 26.0,100.0, 38.0, 38.0, 39.0, 36.0, 38.0, 33.0, 31.0, 29.0, 26.0]
	  ,[ 55.0, 44.0, 38.0, 51.0, 35.0, 52.0, 35.0, 38.0,100.0, 53.0, 53.0, 49.0, 53.0, 46.0, 43.0, 40.0, 37.0]
	  ,[ 57.0, 45.0, 38.0, 53.0, 35.0, 54.0, 36.0, 38.0, 53.0,100.0, 55.0, 51.0, 55.0, 47.0, 45.0, 42.0, 38.0]
	  ,[ 57.0, 45.0, 39.0, 54.0, 35.0, 55.0, 36.0, 39.0, 53.0, 55.0,100.0, 52.0, 55.0, 48.0, 45.0, 42.0, 39.0]
	  ,[ 52.0, 41.0, 36.0, 49.0, 33.0, 50.0, 33.0, 36.0, 49.0, 51.0, 52.0,100.0, 51.0, 44.0, 42.0, 39.0, 36.0]
	  ,[ 58.0, 45.0, 39.0, 54.0, 35.0, 54.0, 36.0, 38.0, 53.0, 55.0, 55.0, 51.0,100.0, 48.0, 45.0, 42.0, 38.0]
	  ,[ 49.0, 38.0, 33.0, 46.0, 30.0, 47.0, 31.0, 33.0, 46.0, 47.0, 48.0, 44.0, 48.0,100.0, 39.0, 37.0, 34.0]
	  ,[ 46.0, 36.0, 31.0, 44.0, 29.0, 44.0, 29.0, 31.0, 43.0, 45.0, 45.0, 42.0, 45.0, 39.0,100.0, 35.0, 32.0]
	  ,[ 43.0, 34.0, 29.0, 40.0, 27.0, 41.0, 27.0, 29.0, 40.0, 42.0, 42.0, 39.0, 42.0, 37.0, 35.0,100.0, 30.0]
	  ,[ 39.0, 31.0, 26.0, 37.0, 24.0, 38.0, 25.0, 26.0, 37.0, 38.0, 39.0, 36.0, 38.0, 34.0, 32.0, 30.0,100.0]]}
      ]
	}
      ]
     ,"ERR-ANALYS":[
	{"x4pointer":" "
	 ,"x4code":{"header":"ERR-T"
	     ,"headerHelp":"Total uncertainty (1-Sigma)"}
	,"x4freetext":["         Overall uncertainty   (1.8-2.7%)"]
	}
	,{"x4pointer":" "
	 ,"x4code":{"header":"ERR-1"
	     ,"headerHelp":"1st partial uncertainty, defined under ERR-ANALYS"}
	,"x4freetext":["         Number of 240Pu atoms     (0.8%)"]
	}
	,{"x4pointer":" "
	 ,"x4code":{"header":"ERR-2", "min":"1.0", "max":"2.3"
	     ,"headerHelp":"2nd partial uncertainty, defined under ERR-ANALYS"}
	,"x4freetext":[" Fission rates         (1.0-2.3%)"]
	}
	,{"x4pointer":" "
	 ,"x4code":{"header":"ERR-3", "min":"0.0", "max":"2.1"
	     ,"headerHelp":"3rd partial uncertainty, defined under ERR-ANALYS"}
	,"x4freetext":[" Correction            (0.0-2.1%)"]
	}
      ]
     ,"MISC-COL":[
	{"x4pointer":" "
	 ,"x4codes":[{"code":"MISC"}]
	,"x4freetext":[" Overall uncertainty in the absolute unit"]
	}
      ]
     ,"STATUS":[
	{"x4pointer":" "
	 ,"x4code":{"code":"TABLE"
		,"flag":"TABLE", "hlp":"Data presented by authors"
		}
	,"x4freetext":[" Table 6 of J.Nucl.Sci.Technol.27(1990)885"]
	}
      ]
     ,"HISTORY":[
	{"x4pointer":" "
	 ,"x4code":{"code":"20071016A", "date":"20071016", "act":"A", "dict":"HISTORY", "idict":15
	     ,"actHelp":"Important alterations"}
	,"x4freetext":[" S.M. Covariation matrix added from"
		," main reference. SAMPLE keyword moved from SAN 001"]
	}
	,{"x4pointer":" "
	 ,"x4code":{"code":"20200925A", "date":"20200925", "act":"A", "dict":"HISTORY", "idict":15
	     ,"actHelp":"Important alterations"}
	,"x4freetext":[" On. COVARIANCE reformatted. Data checked."]
	}
      ]
    }
    ,"COMMON":{"ncols":1, "nrows":1
      ,"x4headers":[
       {"icol":0, "header":"ERR-1", "units":"PER-CENT", "pointer":" "
	,"headerHelp":"1st partial uncertainty, defined under ERR-ANALYS", "pFlag":"0009550"
	,"unitsHelp":"per-cent","familyCode":"PC","convFc":1.0,"basicUnits":"PER-CENT"}
      ]
      ,"datacols":[
	 ["ERR-1"     ]
	,["PER-CENT"  ]
	,[" "         ]]
      ,"data":[
	 [0.8]]}
    ,"DATA":{"ncols":5, "nrows":17
      ,"x4headers":[
       {"icol":0, "header":"EN", "units":"MEV", "pointer":" "
	,"headerHelp":"Energy of incident projectile, laboratory system", "pFlag":"1000000"
	,"unitsHelp":"MeV","familyCode":"E","convFc":1000000.0,"basicUnits":"EV"}
      ,{"icol":1, "header":"EN-RSL-HW", "units":"MEV", "pointer":" "
	,"headerHelp":"Incident projectile energy resolution (Half width)", "pFlag":"9330000"
	,"unitsHelp":"MeV","familyCode":"E","convFc":1000000.0,"basicUnits":"EV"}
      ,{"icol":2, "header":"DATA", "units":"NO-DIM", "pointer":" "
	,"headerHelp":"Value of quantity specified under REACTION", "pFlag":"0001000"
	,"unitsHelp":"no Dimensions","familyCode":"NO","convFc":1.0,"basicUnits":"NO-DIM"}
      ,{"icol":3, "header":"ERR-T", "units":"PER-CENT", "pointer":" "
	,"headerHelp":"Total uncertainty (1-Sigma)", "pFlag":"0009110"
	,"unitsHelp":"per-cent","familyCode":"PC","convFc":1.0,"basicUnits":"PER-CENT"}
      ,{"icol":4, "header":"MISC", "units":"NO-DIM", "pointer":" "
	,"headerHelp":"Miscellaneous Information, defined under MISC-COL.", "pFlag":"0000000"
	,"unitsHelp":"no Dimensions","familyCode":"NO","convFc":1.0,"basicUnits":"NO-DIM"}
      ]
      ,"datacols":[
	 ["EN"        ,"EN-RSL-HW" ,"DATA"      ,"ERR-T"     ,"MISC"      ]
	,["MEV"       ,"MEV"       ,"NO-DIM"    ,"PER-CENT"  ,"NO-DIM"    ]
	,[" "         ," "         ," "         ," "         ," "         ]]
      ,"data":[
	 [0.597,0.066,0.344,1.75,0.006]
	,[0.797,0.061,0.747,2.19,0.016]
	,[0.898,0.055,0.933,2.52,0.024]
	,[0.906,0.055,0.991,1.86,0.018]
	,[1.01,0.062,1.123,2.73,0.031]
	,[1.098,0.064,1.203,1.81,0.022]
	,[1.117,0.054,1.181,2.69,0.032]
	,[1.193,0.061,1.169,2.5,0.029]
	,[1.376,0.058,1.074,1.85,0.02]
	,[1.39,0.063,1.142,1.81,0.021]
	,[1.693,0.071,1.078,1.8,0.019]
	,[2.144,0.077,1.067,1.95,0.021]
	,[3.908,0.316,1.111,1.82,0.02]
	,[5.182,0.252,1.159,2.15,0.025]
	,[5.7,0.258,1.261,2.28,0.029]
	,[6.195,0.272,1.293,2.44,0.032]
	,[6.759,0.288,1.231,2.71,0.033]]}
  ,"datasets":[
{"iDataset":0, "DatasetID":"22211003", "Pointer":" "
 ,"Subent":"22211003", "compiled":20200925
 ,"year1":1990, "author1ini":"T.", "author1":"Iwasaki"
 ,"zTarg1":94 ,"aTarg1":242, "targ1":"Pu-242", "proj1":"n", "emis1":"F", "prod1":"", "MF":203, "MT":18
 ,"nExpectedArgs":1 ,"IndepVarFamilyCode":"0 2", "yFormula":"y=DATA(EN)"
 ,"ReactionType":"Ratio", "quant":"CS", "quantExpan":"Ratio of [Cross section]"
 ,"reacode":"(94-PU-242(N,F),,SIG)/(92-U-235(N,F),,SIG)"
 ,"compNotes":["ERR-ANALYS:(ERR-2,1.0,2.3)    ADDED AS COMMON:ERR-2,PER-CENT=1.0%"
	,"ERR-ANALYS:(ERR-3,0.0,2.1)    ADDED AS COMMON:ERR-3,PER-CENT=1.05%"]
 ,"wx4data":8
 ,"lx4data":17
 ,"x4data":[
   {"ivar":0, "cvar":"y", "fam":"Data", "ifComm":false, "ifCM":false
    ,"header":"DATA", "units":"NO-DIM", "basicUnits":"NO-DIM"
    ,"what":"Y.Value", "dataType":"21", "rank":0.1
    ,"expansion":"Data: data"
    ,"dat0":[0.344,0.747,0.933,0.991,1.123,1.203,1.181,1.169,1.074,1.142
	,1.078,1.067,1.111,1.159,1.261,1.293,1.231]
   ,"dat1eq":true}
  ,{"ivar":1, "cvar":"dy", "fam":"Data", "ifComm":false, "ifCM":false
    ,"header":"ERR-T", "units":"PER-CENT", "basicUnits":"PER-CENT"
    ,"what":"Y.Err+-", "dataType":"21", "rank":0.911
    ,"expansion":"Data: data /Error/"
    ,"dat0":[1.75,2.19,2.52,1.86,2.73,1.81,2.69,2.5,1.85,1.81
	,1.8,1.95,1.82,2.15,2.28,2.44,2.71]
   ,"dat1eq":true}
  ,{"ivar":2, "cvar":"dy", "fam":"Data", "ifComm":true , "ifCM":false
    ,"header":"ERR-1", "units":"PER-CENT", "basicUnits":"PER-CENT"
    ,"what":"Y.pErr+-", "dataType":"21", "rank":0.955
    ,"expansion":"Data: data /Error/"
    ,"com0":0.8
    ,"com1":0.8}
  ,{"ivar":3, "cvar":"dy", "fam":"Data", "ifComm":true , "ifCM":false
    ,"header":"ERR-2", "units":"PER-CENT", "basicUnits":"PER-CENT"
    ,"what":"Y.pErr+-", "dataType":"21", "rank":0.955
    ,"expansion":"Data: data /Error/"
    ,"com0":1
    ,"com1":1}
  ,{"ivar":4, "cvar":"dy", "fam":"Data", "ifComm":true , "ifCM":false
    ,"header":"ERR-3", "units":"PER-CENT", "basicUnits":"PER-CENT"
    ,"what":"Y.pErr+-", "dataType":"21", "rank":0.955
    ,"expansion":"Data: data /Error/"
    ,"com0":1.05
    ,"com1":1.05}
  ,{"ivar":5, "cvar":"x1", "fam":"EN", "ifComm":false, "ifCM":false
    ,"header":"EN", "units":"MEV", "basicUnits":"EV"
    ,"what":"X1.Value", "dataType":"41", "rank":1.1
    ,"expansion":"Incident energy: energy"
    ,"dat0":[0.597,0.797,0.898,0.906,1.01,1.098,1.117,1.193,1.376,1.39
	,1.693,2.144,3.908,5.182,5.7,6.195,6.759]
    ,"dat1":[5.97e+5,7.97e+5,8.98e+5,9.06e+5,1.01e+6,1.098e+6,1.117e+6,1.193e+6,1.376e+6,1.39e+6
	,1.693e+6,2.144e+6,3.908e+6,5.182e+6,5.7e+6,6.195e+6,6.759e+6]}
  ,{"ivar":6, "cvar":"dx1", "fam":"EN", "ifComm":false, "ifCM":false
    ,"header":"EN-RSL-HW", "units":"MEV", "basicUnits":"EV"
    ,"what":"X1.hRes+-", "dataType":"41", "rank":1.933
    ,"expansion":"Incident energy: energy /Error/"
    ,"dat0":[0.066,0.061,0.055,0.055,0.062,0.064,0.054,0.061,0.058,0.063
	,0.071,0.077,0.316,0.252,0.258,0.272,0.288]
    ,"dat1":[6.6e+4,6.1e+4,5.5e+4,5.5e+4,6.2e+4,6.4e+4,5.4e+4,6.1e+4,5.8e+4,6.3e+4
	,7.1e+4,7.7e+4,3.16e+5,2.52e+5,2.58e+5,2.72e+5,2.88e+5]}
  ,{"ivar":7, "cvar":"zzz", "fam":"", "ifComm":false, "ifCM":false
    ,"header":"MISC", "units":"NO-DIM", "basicUnits":"NO-DIM"
    ,"what":"ZZZ", "dataType":"09", "rank":777.0
    ,"expansion":"Flags, etc."
    ,"dat0":[0.006,0.016,0.024,0.018,0.031,0.022,0.032,0.029,0.02,0.021
	,0.019,0.021,0.02,0.025,0.029,0.032,0.033]
   ,"dat1eq":true}
  ]
 ,"wc5data":2
 ,"lc5data":17
 ,"c5data":{
    "y":{"icvar":0, "cvar":"y", "fam":"Data", "ifCM":false, "units":"NO-DIM"
      ,"header":"DATA", "dataType":"21", "rank":0.0
      ,"expansion":"Data: data"
      ,"y":[0.344,0.747,0.933,0.991,1.123,1.203,1.181,1.169,1.074,1.142
	,1.078,1.067,1.111,1.159,1.261,1.293,1.231]
      ,"dy":[0.00602,0.0163593,0.0235116,0.0184326,0.0306579,0.0217743,0.0317689,0.029225,0.019869,0.0206702
	,0.019404,0.0208065,0.0202202,0.0249185,0.0287508,0.0315492,0.0333601]
      ,"dysys":[0.00569681,0.0123707,0.0154509,0.0164114,0.0185974,0.0199223,0.0195579,0.0193592,0.017786,0.0189121
	,0.0178522,0.01767,0.0183987,0.0191936,0.0208828,0.0214127,0.020386]   }
   ,"x1":{"icvar":1, "cvar":"x1", "fam":"EN", "ifCM":false, "units":"EV"
      ,"header":"EN", "dataType":"41", "rank":1.0
      ,"expansion":"Incident energy: energy"
      ,"x1":[5.97e+5,7.97e+5,8.98e+5,9.06e+5,1.01e+6,1.098e+6,1.117e+6,1.193e+6,1.376e+6,1.39e+6
	,1.693e+6,2.144e+6,3.908e+6,5.182e+6,5.7e+6,6.195e+6,6.759e+6]
      ,"dx1":[1.32e+5,1.22e+5,1.1e+5,1.1e+5,1.24e+5,1.28e+5,1.08e+5,1.22e+5,1.16e+5,1.26e+5
	,1.42e+5,1.54e+5,6.32e+5,5.04e+5,5.16e+5,5.44e+5,5.76e+5]   }
 }
 ,"ratio2data":{"REAC":"92-U-235(N,F),,SIG", "m1ref":"recom/u235nf"
      ,"m1":[1.11412,1.11458,1.15863,1.16472,1.19882,1.19988,1.20187,1.21069,1.23217,1.23382
	,1.2669,1.2788,1.14081,1.06085,1.0387,1.20282,1.46328]
      ,"dm1":[0.0168108,0.0166606,0.0172689,0.0173373,0.0178048,0.0178206,0.0178504,0.0179819,0.0183284,0.0183579
	,0.018777,0.019038,0.0169967,0.015812,0.015689,0.0187998,0.0227577] }
}
   ]
   }
  ]
 }
