  {"ENTRY":"41439", "updated":20150627, "TransID":"4169", "TransDate":20150810, "CenterID":"CJD", "Center":"Nuclear Data Centre, Obninsk, Russia"
   ,"y1":2002,"a1":"V.M.Piksaikin+","r1":"J,AE,92,(2),135,2002"
   ,"ref":"Jour: Atomnaya Energiya, Vol.92, Issue.2, p.135 (2002)"
   ,"title":"Relative yield and period of individual groups of delayed neutrons in U-233, U-235, and Pu-239 fission by epithermal neutrons ."
   ,"x4subents":[
   {"SUBENT":"41439001", "isub":1, "compiled":20150627, "TransID":"4169", "TransDate":20150810
    ,"BIB":{
      "TITLE":[
	{"x4pointer":" "
	 ,"x4code":null
	,"x4freetext":[" Relative yield and period of individual groups of"
		,"delayed neutrons in U-233, U-235, and Pu-239 fission by"
		,"epithermal neutrons ."]
	}
      ]
     ,"AUTHOR":[
	{"x4pointer":" "
	 ,"x4codes":[{"name":"V.M.Piksaikin","ini":"V.M.","nam":"Piksaikin","alias":["Piksajkin","Piksaykin"]}
	    ,{"name":"L.E.Kazakov","ini":"L.E.","nam":"Kazakov"}
	    ,{"name":"G.G.Korolev","ini":"G.G.","nam":"Korolev"}
	    ,{"name":"S.G.Isaev","ini":"S.G.","nam":"Isaev"}
	    ,{"name":"V.A.Roschenko","ini":"V.A.","nam":"Roschenko"}
	    ,{"name":"M.Z.Tarasko","ini":"M.Z.","nam":"Tarasko"}]
	}
      ]
     ,"INSTITUTE":[
	{"x4pointer":" "
	 ,"x4codes":[{"code":"4RUSFEI", "dict":"INSTITUTE", "idict":3,"hlp":"Fiziko-Energeticheskii Inst., Obninsk, Russia"}]
	}
      ]
     ,"REFERENCE":[
	{"x4pointer":" "
	 ,"x4codes":[{"code":"J,AE,92,(2),135,2002","stdFileName":"J,AE,92,(2),135,2002"
		,"year":2002,"typ":"J","ref":"J,AE","vol":"92","issue":"2","p":"135"
		,"shortRef":"Jour: Atomnaya Energiya, Vol.92, Issue.2, p.135 (2002)"}]
	,"x4freetext":["      Main reference"]
	}
	,{"x4pointer":" "
	 ,"x4codes":[{"code":"J,AE/T,92,(2),147,2002","stdFileName":"J,AE_T,92,147,2002"
		,"year":2002,"typ":"J","ref":"J,AE/T","vol":"92","issue":"2","p":"147"
		,"DOI":"10.1023/A:1015878706836"
		,"shortRef":"Jour: Atomic Energy, Vol.92, Issue.2, p.147 (2002)"}]
	,"x4freetext":[" Engl. transl. of J,AE,92."
		,"#doi:10.1023/A:1015878706836"]
	}
	,{"x4pointer":" "
	 ,"x4codes":[{"code":"R,INDC(NDS)-0646,2013","stdFileName":"R,INDC(NDS)-0646,2013"
		,"year":2013,"typ":"R","ref":"R,INDC(NDS)-","no":"0646"
		,"shortRef":"Rept: IAEA Nucl.Data Section report to the I.N.D.C., No.0646 (2013)"}]
	,"x4freetext":[" In English."]
	}
	,{"x4pointer":" "
	 ,"x4codes":[{"code":"J,PNE,41,203,2002","stdFileName":"J,PNE,41,203,2002"
		,"year":2002,"typ":"J","ref":"J,PNE","vol":"41","p":"203"
		,"shortRef":"Jour: Progress in Nuclear Energy, Vol.41, p.203 (2002)"}]
	,"x4freetext":[" In English."]
	}
      ]
     ,"FACILITY":[
	{"x4pointer":" "
	 ,"x4codes":[{"code":"VDG", "dict":"FACILITY", "idict":18,"hlp":"Van de Graaff"}]
	,"x4freetext":["    Cascade Generator CG-2.5"]
	}
      ]
     ,"METHOD":[
	{"x4pointer":" "
	 ,"x4codes":[{"code":"ACTIV", "dict":"METHOD", "idict":21,"hlp":"Activation"}]
	,"x4freetext":[" Radiation time=15, 180, 300 seconds."
		," Registration time of delayed neutron intensity 724.5 s"]
	}
      ]
     ,"DETECTOR":[
	{"x4pointer":" "
	 ,"x4codes":[{"code":"D4PI", "dict":"DETECTOR", "idict":22,"hlp":"4pi detector"}]
	,"x4freetext":[" Distributed in polyethylene cube along"
		," three concentric circles assemblage of 30 boron"
		," counters SNM-11 was used for neutron detection"]
	}
      ]
     ,"INC-SOURCE":[
	{"x4pointer":" "
	 ,"x4codes":[{"code":"P-T", "dict":"INC-SOURCE", "idict":19,"hlp":"3H(p,n)"}]
	}
      ]
     ,"INC-SPECT":[
	{"x4pointer":" "
	 ,"x4code":null
	,"x4freetext":["Epithermal neutron spectrum averaged over sample volume"
		,"  is presented in Fig.2 of J,AE,92,(2),135,2002."
		," Average neutron energy is about 2.85 eV ."]
	}
      ]
     ,"HISTORY":[
	{"x4pointer":" "
	 ,"x4code":{"code":"20041227C", "date":"20041227", "act":"C", "dict":"HISTORY", "idict":15
	     ,"actHelp":"Compiled at the data center"}
	,"x4freetext":[" Compiled at the Centre - CJD"]
	}
	,{"x4pointer":" "
	 ,"x4code":{"code":"20050425U", "date":"20050425", "act":"U", "dict":"HISTORY", "idict":15
	     ,"actHelp":"Unimportant alterations"}
	,"x4freetext":[" Last checking has been done."]
	}
	,{"x4pointer":" "
	 ,"x4code":{"code":"20110623U", "date":"20110623", "act":"U", "dict":"HISTORY", "idict":15
	     ,"actHelp":"Unimportant alterations"}
	,"x4freetext":[" Engl. translation of J,AE was added."
		," TABLE was added in STATUS."
		," COVARIANCEs were added."]
	}
	,{"x4pointer":" "
	 ,"x4code":{"code":"20131129A", "date":"20131129", "act":"A", "dict":"HISTORY", "idict":15
	     ,"actHelp":"Important alterations"}
	,"x4freetext":[" Ref. INDC(NDS)-0646 and J,PNE,41,203,2002"
		,"were added."]
	}
	,{"x4pointer":" "
	 ,"x4code":{"code":"20150513A", "date":"20150513", "act":"A", "dict":"HISTORY", "idict":15
	     ,"actHelp":"Important alterations"}
	,"x4freetext":[" V.Z. COVARIANCE lines were corrected"
		,"according to new format."]
	}
	,{"x4pointer":" "
	 ,"x4code":{"code":"20150627U", "date":"20150627", "act":"U", "dict":"HISTORY", "idict":15
	     ,"actHelp":"Unimportant alterations"}
	,"x4freetext":[" M.M. Cosmetic correction."]
	}
      ]
    }
   }
  ,{"SUBENT":"41439002", "isub":2, "compiled":20150627, "TransID":"4169", "TransDate":20150810
    ,"BIB":{
      "REACTION":[
	{"x4pointer":" "
	 ,"x4code":{"code":"(94-PU-239(N,F),DL/GRP,NU)/(94-PU-239(N,F),DL,NU)"
	    ,"c4reac":"((N,F)DL/GRP,NU)/((N,F)DL,NU)"
	    ,"combi":"a/a","combiQuant":"Ratio of [Delayed neutron yield for given half-life group]"
	    ,"Units":"NO-DIM"
	    ,"reacs": [
	    {"code":"94-PU-239(N,F),DL/GRP,NU"
		,"Reac":"N,F"
		,"SF1":"94-PU-239","Targ":{"code":"94-PU-239","nam":"Pu-239","ZA":94239}
		,"SF2":"N","Proj":{"code":"N","nam":"n","ZA":1}
		,"SF3":"F","procHlp":"Fission"
		,"SF5":"DL/GRP"
		,"SF6":"NU"
		,"SF58":"DL/GRP,NU","Quant":"NU","BasicUnits":"PART/FIS","QuantHlp":"Delayed neutron yield for given half-life group"
	    }
	    ,{"code":"94-PU-239(N,F),DL,NU"
		,"Reac":"N,F"
		,"SF1":"94-PU-239","Targ":{"code":"94-PU-239","nam":"Pu-239","ZA":94239}
		,"SF2":"N","Proj":{"code":"N","nam":"n","ZA":1}
		,"SF3":"F","procHlp":"Fission"
		,"SF5":"DL"
		,"SF6":"NU"
		,"SF58":"DL,NU","Quant":"NU","BasicUnits":"PART/FIS","QuantHlp":"Delayed neutron yield"
	    }]}
	,"x4freetext":["      6-group delayed neutron abundances"]
	}
      ]
     ,"ERR-ANALYS":[
	{"x4pointer":" "
	 ,"x4code":{"header":"DATA-ERR"
	     ,"headerHelp":"Error in value of quantity, defined under ERR-ANALYS"}
	,"x4freetext":["  Errors are not specified"]
	}
      ]
     ,"COVARIANCE":[
	{"x4pointer":" "
	 ,"x4code":null
	,"x4freedata":[{"name": "41439002.COR (NO-DIM)"
	, "lx":12, "ly":12, "lz":144, "xm":1.0, "ym":1.0, "zm":1.0
	, "xunit":"N", "yunit":"N", "zunit":"NO-DIM"
	, "xname":"Correlated Parameters", "yname":"Correlated Parameters", "zname":"COR", "comment":""
	, "xarr":[ 1.0, 2.0, 3.0, 4.0, 5.0, 6.0, 7.0, 8.0, 9.0, 10.0, 11.0, 12.0]
	, "yarr":[ 1.0, 2.0, 3.0, 4.0, 5.0, 6.0, 7.0, 8.0, 9.0, 10.0, 11.0, 12.0]
	, "zarr":[
	   [  1.0,  0.0,  0.0,  0.0,  0.0,  0.0,  0.0,  0.0,  0.0,  0.0,  0.0,  0.0]
	  ,[  0.0,  1.0, 0.82,-0.05, 0.32,-0.09,  0.5, 0.06, 0.09, 0.04, 0.02, 0.03]
	  ,[  0.0, 0.82,  1.0, 0.19, 0.46,-0.11, 0.64, 0.11, 0.12, 0.05, 0.03, 0.03]
	  ,[  0.0,-0.05, 0.19,  1.0, 0.34, 0.65,  0.5,  0.0, 0.06, 0.05, 0.01, 0.02]
	  ,[  0.0, 0.32, 0.46, 0.34,  1.0,-0.27,-0.03,-0.53, 0.01, 0.01,  0.0,  0.0]
	  ,[  0.0,-0.09,-0.11, 0.65,-0.27,  1.0, 0.54, 0.09, 0.03, 0.05,  0.0, 0.01]
	  ,[  0.0,  0.5, 0.64,  0.5,-0.03, 0.54,  1.0, 0.17,-0.04,-0.07,  0.0,-0.01]
	  ,[  0.0, 0.06, 0.11,  0.0,-0.53, 0.09, 0.17,  1.0, 0.21, 0.08, 0.05, 0.06]
	  ,[  0.0, 0.09, 0.12, 0.06, 0.01, 0.03,-0.04, 0.21,  1.0, 0.01,-0.02,-0.02]
	  ,[  0.0, 0.04, 0.05, 0.05, 0.01, 0.05,-0.07, 0.08, 0.01,  1.0, 0.01,  0.0]
	  ,[  0.0, 0.02, 0.03, 0.01,  0.0,  0.0,  0.0, 0.05,-0.02, 0.01,  1.0,  0.0]
	  ,[  0.0, 0.03, 0.03, 0.02,  0.0, 0.01,-0.01, 0.06,-0.02,  0.0,  0.0,  1.0]]
	,"NlegHdr":"N Parameter"
	,"NlegN":["a1"
		,"T1"
		,"a2"
		,"T2"
		,"a3"
		,"T3"
		,"a4"
		,"T4"
		,"a5"
		,"T5"
		,"a6"
		,"T6"]}
      ,{"name": "41439002.COV (NO-DIM)"
	, "lx":12, "ly":12, "lz":144, "xm":1.0, "ym":1.0, "zm":1.0
	, "xunit":"N", "yunit":"N", "zunit":"NO-DIM"
	, "xname":"Correlated Parameters", "yname":"Correlated Parameters", "zname":"COV", "comment":""
	, "xarr":[ 1.0, 2.0, 3.0, 4.0, 5.0, 6.0, 7.0, 8.0, 9.0, 10.0, 11.0, 12.0]
	, "yarr":[ 1.0, 2.0, 3.0, 4.0, 5.0, 6.0, 7.0, 8.0, 9.0, 10.0, 11.0, 12.0]
	, "zarr":[
	   [6.3E-7,  0.0,  0.0,  0.0,  0.0,  0.0,  0.0,  0.0,  0.0,  0.0,  0.0,  0.0]
	  ,[  0.0,  2.2,0.0026,-0.0026,8.0E-4,-0.0036,0.0015,0.0012,1.2E-4,3.9E-4,1.5E-5,1.1E-4]
	  ,[  0.0,0.0026,4.7E-5,1.4E-4,1.7E-5,-6.1E-5,2.8E-5,2.9E-5,2.3E-6,7.3E-6,3.2E-7,1.9E-6]
	  ,[  0.0,-0.0026,1.4E-4,0.011,2.0E-4,0.0058,3.3E-4,-1.5E-5,2.0E-5,1.1E-4,2.2E-6,1.8E-5]
	  ,[  0.0,8.0E-4,1.7E-5,2.0E-4,2.9E-5,-1.2E-4,-8.7E-7,-1.2E-4,1.5E-7,1.2E-6,-2.5E-9,-4.2E-9]
	  ,[  0.0,-0.0036,-6.1E-5,0.0058,-1.2E-4,0.007,2.8E-4,2.9E-4,7.0E-6,9.3E-5,-1.2E-7,7.0E-6]
	  ,[  0.0,0.0015,2.8E-5,3.3E-4,-8.7E-7,2.8E-4,3.9E-5,4.2E-5,-7.3E-7,-9.4E-6,-5.4E-9,-5.8E-7]
	  ,[  0.0,0.0012,2.9E-5,-1.5E-5,-1.2E-4,2.9E-4,4.2E-5,0.0016,2.5E-5,7.0E-5,3.1E-6,2.2E-5]
	  ,[  0.0,1.2E-4,2.3E-6,2.0E-5,1.5E-7,7.0E-6,-7.3E-7,2.5E-5,8.3E-6,6.4E-7,-8.9E-8,-3.9E-7]
	  ,[  0.0,3.9E-4,7.3E-6,1.1E-4,1.2E-6,9.3E-5,-9.4E-6,7.0E-5,6.4E-7,4.7E-4,3.4E-7,2.2E-8]
	  ,[  0.0,1.5E-5,3.2E-7,2.2E-6,-2.5E-9,-1.2E-7,-5.4E-9,3.1E-6,-8.9E-8,3.4E-7,2.3E-6,-1.4E-9]
	  ,[  0.0,1.1E-4,1.9E-6,1.8E-5,-4.2E-9,7.0E-6,-5.8E-7,2.2E-5,-3.9E-7,2.2E-8,-1.4E-9,8.1E-5]]
	,"NlegHdr":"N Parameter"
	,"NlegN":["a1"
		,"T1"
		,"a2"
		,"T2"
		,"a3"
		,"T3"
		,"a4"
		,"T4"
		,"a5"
		,"T5"
		,"a6"
		,"T6"]}
      ]
	}
      ]
     ,"ADD-RES":[
	{"x4pointer":" "
	 ,"x4code":null
	,"x4freetext":[" Average HL 10.59+-0.17 sec."]
	}
      ]
     ,"STATUS":[
	{"x4pointer":" "
	 ,"x4code":{"code":"TABLE"
		,"flag":"TABLE", "hlp":"Data presented by authors"
		}
	,"x4freetext":["  Data from Table 1 of J,AE,92,(2),135,2002."
		,"Also Table on page 19 of R,INDC(NDS)-0646,2013."
		,"The same data in Table 1 of J,PNE,41,203,2002"]
	}
      ]
     ,"REL-REF":[
	{"x4pointer":" "
	 ,"x4codes":[{"code":"O,41438002,V.M.Piksaikin+,J,AE,92,(3),233,2002"
		,"flag":{"code":"O", "hlp":" Reference to related data compiled in another entry"}
		,"subent":"41438002","author1":"V.M.Piksaikin+","stdFileName":"J,AE,92,(3),233,2002"
		,"year":2002,"typ":"J","ref":"J,AE","vol":"92","issue":"3","p":"233"
		,"shortRef":"Jour: Atomnaya Energiya, Vol.92, Issue.3, p.233 (2002)"}]
	,"x4freetext":["     In 41438002 data for EN=0.37-4.97 MeV."]
	}
      ]
     ,"HISTORY":[
	{"x4pointer":" "
	 ,"x4code":{"code":"20150627U", "date":"20150627", "act":"U", "dict":"HISTORY", "idict":15
	     ,"actHelp":"Unimportant alterations"}
	,"x4freetext":[" \"COREL,41438002\" was deleted - REL-REF was"
		,"added according to the comment of N.Otsuka(NDS,IAEA)."]
	}
      ]
    }
    ,"COMMON":{"ncols":1, "nrows":1
      ,"x4headers":[
       {"icol":0, "header":"EN-DUMMY", "units":"EV", "pointer":" "
	,"headerHelp":"Dummy incident proj. energy, for broad spectrum", "pFlag":"1000000"
	,"unitsHelp":"electron-Volts","familyCode":"E","convFc":1.0,"basicUnits":"EV"}
      ]
      ,"datacols":[
	 ["EN-DUMMY"  ]
	,["EV"        ]
	,[" "         ]]
      ,"data":[
	 [2.85]]}
    ,"DATA":{"ncols":4, "nrows":6
      ,"x4headers":[
       {"icol":0, "header":"HL", "units":"SEC", "pointer":" "
	,"headerHelp":"Half-life of nuclide specified.", "pFlag":"1000000"
	,"unitsHelp":"seconds","familyCode":"TIME","convFc":1.0,"basicUnits":"SEC"}
      ,{"icol":1, "header":"HL-ERR", "units":"SEC", "pointer":" "
	,"headerHelp":"Error in Half-life", "pFlag":"9110000"
	,"unitsHelp":"seconds","familyCode":"TIME","convFc":1.0,"basicUnits":"SEC"}
      ,{"icol":2, "header":"DATA", "units":"NO-DIM", "pointer":" "
	,"headerHelp":"Value of quantity specified under REACTION", "pFlag":"0001000"
	,"unitsHelp":"no Dimensions","familyCode":"NO","convFc":1.0,"basicUnits":"NO-DIM"}
      ,{"icol":3, "header":"DATA-ERR", "units":"NO-DIM", "pointer":" "
	,"headerHelp":"Error in value of quantity, defined under ERR-ANALYS", "pFlag":"0009110"
	,"unitsHelp":"no Dimensions","familyCode":"NO","convFc":1.0,"basicUnits":"NO-DIM"}
      ]
      ,"datacols":[
	 ["HL"        ,"HL-ERR"    ,"DATA"      ,"DATA-ERR"  ]
	,["SEC"       ,"SEC"       ,"NO-DIM"    ,"NO-DIM"    ]
	,[" "         ," "         ," "         ," "         ]]
      ,"data":[
	 [53.19,0.46,0.035,0.001]
	,[22.61,0.11,0.302,0.007]
	,[5.59,0.08,0.204,0.005]
	,[2.17,0.04,0.332,0.006]
	,[0.621,0.022,0.084,0.003]
	,[0.256,0.009,0.043,0.002]]}
  ,"datasets":[
{"iDataset":0, "DatasetID":"41439002", "Pointer":" "
 ,"Subent":"41439002", "compiled":20150627
 ,"year1":2002, "author1ini":"V.M.", "author1":"Piksaikin"
 ,"zTarg1":94 ,"aTarg1":239, "targ1":"Pu-239", "proj1":"n", "emis1":"F", "prod1":"", "MF":0, "MT":0
 ,"nExpectedArgs":2 ,"IndepVarFamilyCode":"0 2   6", "yFormula":"y=DATA(SpE,HL)"
 ,"ReactionType":"Ratio", "quant":"NU", "quantExpan":"Ratio of [Delayed neutron yield for given half-life group]"
 ,"reacode":"(94-PU-239(N,F),DL/GRP,NU)/(94-PU-239(N,F),DL,NU)"
 ,"compNotes":[]
 ,"wx4data":5
 ,"lx4data":6
 ,"x4data":[
   {"ivar":0, "cvar":"y", "fam":"Data", "ifComm":false, "ifCM":false
    ,"header":"DATA", "units":"NO-DIM", "basicUnits":"NO-DIM"
    ,"what":"Y.Value", "dataType":"21", "rank":0.1
    ,"expansion":"Data: data"
    ,"dat0":[0.035,0.302,0.204,0.332,0.084,0.043]
   ,"dat1eq":true}
  ,{"ivar":1, "cvar":"dy", "fam":"Data", "ifComm":false, "ifCM":false
    ,"header":"DATA-ERR", "units":"NO-DIM", "basicUnits":"NO-DIM"
    ,"what":"Y.Err+-", "dataType":"21", "rank":0.911
    ,"expansion":"Data: data /Error/"
    ,"dat0":[0.001,0.007,0.005,0.006,0.003,0.002]
   ,"dat1eq":true}
  ,{"ivar":2, "cvar":"x1", "fam":"SpE", "ifComm":true , "ifCM":false
    ,"header":"EN-DUMMY", "units":"EV", "basicUnits":"EV"
    ,"what":"X1.Value", "dataType":"43", "rank":1.1
    ,"expansion":"Incident energy: spectrum energy"
    ,"com0":2.85
    ,"com1":2.85}
  ,{"ivar":3, "cvar":"x2", "fam":"HL", "ifComm":false, "ifCM":false
    ,"header":"HL", "units":"SEC", "basicUnits":"SEC"
    ,"what":"X2.Value", "dataType":"85", "rank":2.1
    ,"expansion":"Other variable: half-life"
    ,"dat0":[53.19,22.61,5.59,2.17,0.621,0.256]
   ,"dat1eq":true}
  ,{"ivar":4, "cvar":"dx2", "fam":"HL", "ifComm":false, "ifCM":false
    ,"header":"HL-ERR", "units":"SEC", "basicUnits":"SEC"
    ,"what":"X2.Err+-", "dataType":"85", "rank":2.911
    ,"expansion":"Other variable: half-life /Error/"
    ,"dat0":[0.46,0.11,0.08,0.04,0.022,0.009]
   ,"dat1eq":true}
  ]
 ,"wc5data":3
 ,"lc5data":6
 ,"c5data":{
    "y":{"icvar":0, "cvar":"y", "fam":"Data", "ifCM":false, "units":"NO-DIM"
      ,"header":"DATA", "dataType":"21", "rank":0.0
      ,"expansion":"Data: data"
      ,"y":[0.035,0.302,0.204,0.332,0.084,0.043]
      ,"dy":[0.001,0.007,0.005,0.006,0.003,0.002]   }
   ,"x1":{"icvar":1, "cvar":"x1", "fam":"SpE", "ifCM":false, "units":"EV"
      ,"header":"SpE", "dataType":"43", "rank":1.0
      ,"expansion":"Incident energy: spectrum energy"
      ,"x1":[2.85,2.85,2.85,2.85,2.85,2.85]
   }
   ,"x2":{"icvar":2, "cvar":"x2", "fam":"HL", "ifCM":false, "units":"SEC"
      ,"header":"HL", "dataType":"85", "rank":2.0
      ,"expansion":"Other variable: half-life"
      ,"x2":[53.19,22.61,5.59,2.17,0.621,0.256]
      ,"dx2":[0.46,0.11,0.08,0.04,0.022,0.009]   }
 }
}
   ]
   }
  ,{"SUBENT":"41439003", "isub":3, "compiled":20150627, "TransID":"4169", "TransDate":20150810
    ,"BIB":{
      "REACTION":[
	{"x4pointer":" "
	 ,"x4code":{"code":"(92-U-233(N,F),DL/GRP,NU)/(92-U-233(N,F),DL,NU)"
	    ,"c4reac":"((N,F)DL/GRP,NU)/((N,F)DL,NU)"
	    ,"combi":"a/a","combiQuant":"Ratio of [Delayed neutron yield for given half-life group]"
	    ,"Units":"NO-DIM"
	    ,"reacs": [
	    {"code":"92-U-233(N,F),DL/GRP,NU"
		,"Reac":"N,F"
		,"SF1":"92-U-233","Targ":{"code":"92-U-233","nam":"U-233","ZA":92233}
		,"SF2":"N","Proj":{"code":"N","nam":"n","ZA":1}
		,"SF3":"F","procHlp":"Fission"
		,"SF5":"DL/GRP"
		,"SF6":"NU"
		,"SF58":"DL/GRP,NU","Quant":"NU","BasicUnits":"PART/FIS","QuantHlp":"Delayed neutron yield for given half-life group"
	    }
	    ,{"code":"92-U-233(N,F),DL,NU"
		,"Reac":"N,F"
		,"SF1":"92-U-233","Targ":{"code":"92-U-233","nam":"U-233","ZA":92233}
		,"SF2":"N","Proj":{"code":"N","nam":"n","ZA":1}
		,"SF3":"F","procHlp":"Fission"
		,"SF5":"DL"
		,"SF6":"NU"
		,"SF58":"DL,NU","Quant":"NU","BasicUnits":"PART/FIS","QuantHlp":"Delayed neutron yield"
	    }]}
	,"x4freetext":["      6-group delayed neutron abundances"]
	}
      ]
     ,"ERR-ANALYS":[
	{"x4pointer":" "
	 ,"x4code":{"header":"DATA-ERR"
	     ,"headerHelp":"Error in value of quantity, defined under ERR-ANALYS"}
	,"x4freetext":["  Errors are not Specified"]
	}
      ]
     ,"COVARIANCE":[
	{"x4pointer":" "
	 ,"x4code":null
	,"x4freedata":[{"name": "41439003.COR (NO-DIM)"
	, "lx":12, "ly":12, "lz":144, "xm":1.0, "ym":1.0, "zm":1.0
	, "xunit":"N", "yunit":"N", "zunit":"NO-DIM"
	, "xname":"Correlated Parameters", "yname":"Correlated Parameters", "zname":"COR", "comment":""
	, "xarr":[ 1.0, 2.0, 3.0, 4.0, 5.0, 6.0, 7.0, 8.0, 9.0, 10.0, 11.0, 12.0]
	, "yarr":[ 1.0, 2.0, 3.0, 4.0, 5.0, 6.0, 7.0, 8.0, 9.0, 10.0, 11.0, 12.0]
	, "zarr":[
	   [  1.0,  0.0,  0.0,  0.0,  0.0,  0.0,  0.0,  0.0,  0.0,  0.0,  0.0,  0.0]
	  ,[  0.0,  1.0, 0.85, 0.65,  0.5, 0.21, 0.51, 0.04, 0.05, 0.03, 0.02, 0.02]
	  ,[  0.0, 0.85,  1.0, 0.35, 0.39, -0.8, 0.33, 0.11, 0.04, 0.02, 0.02, 0.01]
	  ,[  0.0, 0.65, 0.35,  1.0, 0.52, 0.62, 0.56,-0.02, 0.05, 0.04, 0.01, 0.02]
	  ,[  0.0,  0.5, 0.39, 0.52,  1.0, -0.1,-0.22, -0.5,-0.01,  0.0,  0.0,  0.0]
	  ,[  0.0, 0.21, -0.8, 0.62, -0.1,  1.0, 0.65,-0.05, 0.03, 0.04, 0.01, 0.01]
	  ,[  0.0, 0.51, 0.33, 0.56,-0.22, 0.65,  1.0, 0.16,-0.05,-0.05,-0.01,-0.02]
	  ,[  0.0, 0.04, 0.11,-0.02, -0.5,-0.05, 0.16,  1.0, 0.12, 0.05, 0.05, 0.05]
	  ,[  0.0, 0.05, 0.04, 0.05,-0.01, 0.03,-0.05, 0.12,  1.0,  0.0,-0.01,-0.01]
	  ,[  0.0, 0.03, 0.02, 0.04,  0.0, 0.04,-0.05, 0.05,  0.0,  1.0,  0.0,  0.0]
	  ,[  0.0, 0.02, 0.02, 0.01,  0.0, 0.01,-0.01, 0.05,-0.01,  0.0,  1.0,  0.0]
	  ,[  0.0, 0.02, 0.01, 0.02,  0.0, 0.01,-0.02, 0.05,-0.01,  0.0,  0.0,  1.0]]
	,"NlegHdr":"N Parameter"
	,"NlegN":["a1"
		,"T1"
		,"a2"
		,"T2"
		,"a3"
		,"T3"
		,"a4"
		,"T4"
		,"a5"
		,"T5"
		,"a6"
		,"T6"]}
      ,{"name": "41439003.COV (NO-DIM)"
	, "lx":12, "ly":12, "lz":144, "xm":1.0, "ym":1.0, "zm":1.0
	, "xunit":"N", "yunit":"N", "zunit":"NO-DIM"
	, "xname":"Correlated Parameters", "yname":"Correlated Parameters", "zname":"COV", "comment":""
	, "xarr":[ 1.0, 2.0, 3.0, 4.0, 5.0, 6.0, 7.0, 8.0, 9.0, 10.0, 11.0, 12.0]
	, "yarr":[ 1.0, 2.0, 3.0, 4.0, 5.0, 6.0, 7.0, 8.0, 9.0, 10.0, 11.0, 12.0]
	, "zarr":[
	   [1.1E-6,  0.0,  0.0,  0.0,  0.0,  0.0,  0.0,  0.0,  0.0,  0.0,  0.0,  0.0]
	  ,[  0.0,0.039,6.0E-4,0.016,3.6E-4,0.0021,2.9E-4,1.9E-4,1.1E-5,7.8E-5,2.8E-6,2.4E-5]
	  ,[  0.0,6.0E-4,1.3E-5,1.6E-4,5.1E-6,-3.3E-5,3.4E-6,9.7E-6,1.6E-7,9.7E-7,3.9E-8,2.2E-7]
	  ,[  0.0,0.016,1.6E-4,0.016,2.4E-4,0.0041,2.0E-4,-7.4E-5,6.9E-6,6.6E-5,1.2E-6,1.5E-5]
	  ,[  0.0,3.6E-4,5.1E-6,2.4E-4,1.4E-5,-1.9E-5,-2.3E-6,-4.6E-5,-2.5E-8,-2.3E-7,-1.2E-8,-3.8E-8]
	  ,[  0.0,0.0021,-3.3E-5,0.0041,-1.9E-5,0.0027,9.5E-5,-6.4E-5,1.7E-6,2.7E-5,5.2E-7,3.5E-6]
	  ,[  0.0,2.9E-4,3.4E-6,2.0E-4,-2.3E-6,9.5E-5,8.1E-6,1.2E-5,-1.5E-7,-1.9E-6,-1.1E-8,-2.9E-7]
	  ,[  0.0,1.9E-4,9.7E-6,-7.4E-5,-4.6E-5,-6.4E-5,1.2E-5,6.5E-4,3.2E-6,1.5E-5,9.0E-7,7.0E-6]
	  ,[  0.0,1.1E-5,1.6E-7,6.9E-6,-2.5E-8,1.7E-6,-1.5E-7,3.2E-6,1.2E-6,-1.2E-9,-7.9E-9,-6.4E-8]
	  ,[  0.0,7.8E-5,9.7E-7,6.6E-5,-2.3E-7,2.7E-5,-1.9E-6,1.5E-5,-1.2E-9,1.7E-4,9.2E-10,-3.6E-9]
	  ,[  0.0,2.8E-6,3.9E-8,1.2E-6,-1.2E-8,5.2E-7,-1.1E-8,9.0E-7,-7.9E-9,9.2E-10,5.2E-7,-1.2E-9]
	  ,[  0.0,2.4E-5,2.2E-7,1.5E-5,-3.8E-8,3.5E-6,-2.9E-7,7.0E-6,-6.4E-8,-3.6E-9,-1.2E-9,3.4E-5]]
	,"NlegHdr":"N Parameter"
	,"NlegN":["a1"
		,"T1"
		,"a2"
		,"T2"
		,"a3"
		,"T3"
		,"a4"
		,"T4"
		,"a5"
		,"T5"
		,"a6"
		,"T6"]}
      ]
	}
      ]
     ,"ADD-RES":[
	{"x4pointer":" "
	 ,"x4code":null
	,"x4freetext":[" Average half-life of delayed neutron precursors:"
		,"     EN, eV           HL, sec"
		,"     2.85             12.69+-0.11"]
	}
      ]
     ,"STATUS":[
	{"x4pointer":" "
	 ,"x4code":{"code":"TABLE"
		,"flag":"TABLE", "hlp":"Data presented by authors"
		}
	,"x4freetext":[" Data from Table 1 of J,AE,92,(2),135,2002."
		," Table on page 16 of R,INDC(NDS)-0646,2013."]
	}
      ]
     ,"HISTORY":[
	{"x4pointer":" "
	 ,"x4code":{"code":"20131130A", "date":"20131130", "act":"A", "dict":"HISTORY", "idict":15
	     ,"actHelp":"Important alterations"}
	,"x4freetext":[" HL values were corrected as given in last"
		,"publication INDC(NDS)-0646:"
		,"54.65+-0.19 -> 54.64 +- 0.20,"
		,"2.14 +-0.03 -> 2.143 +- 0.025"]
	}
      ]
    }
    ,"COMMON":{"ncols":1, "nrows":1
      ,"x4headers":[
       {"icol":0, "header":"EN-DUMMY", "units":"EV", "pointer":" "
	,"headerHelp":"Dummy incident proj. energy, for broad spectrum", "pFlag":"1000000"
	,"unitsHelp":"electron-Volts","familyCode":"E","convFc":1.0,"basicUnits":"EV"}
      ]
      ,"datacols":[
	 ["EN-DUMMY"  ]
	,["EV"        ]
	,[" "         ]]
      ,"data":[
	 [2.85]]}
    ,"DATA":{"ncols":4, "nrows":6
      ,"x4headers":[
       {"icol":0, "header":"HL", "units":"SEC", "pointer":" "
	,"headerHelp":"Half-life of nuclide specified.", "pFlag":"1000000"
	,"unitsHelp":"seconds","familyCode":"TIME","convFc":1.0,"basicUnits":"SEC"}
      ,{"icol":1, "header":"HL-ERR", "units":"SEC", "pointer":" "
	,"headerHelp":"Error in Half-life", "pFlag":"9110000"
	,"unitsHelp":"seconds","familyCode":"TIME","convFc":1.0,"basicUnits":"SEC"}
      ,{"icol":2, "header":"DATA", "units":"NO-DIM", "pointer":" "
	,"headerHelp":"Value of quantity specified under REACTION", "pFlag":"0001000"
	,"unitsHelp":"no Dimensions","familyCode":"NO","convFc":1.0,"basicUnits":"NO-DIM"}
      ,{"icol":3, "header":"DATA-ERR", "units":"NO-DIM", "pointer":" "
	,"headerHelp":"Error in value of quantity, defined under ERR-ANALYS", "pFlag":"0009110"
	,"unitsHelp":"no Dimensions","familyCode":"NO","convFc":1.0,"basicUnits":"NO-DIM"}
      ]
      ,"datacols":[
	 ["HL"        ,"HL-ERR"    ,"DATA"      ,"DATA-ERR"  ]
	,["SEC"       ,"SEC"       ,"NO-DIM"    ,"NO-DIM"    ]
	,[" "         ," "         ," "         ," "         ]]
      ,"data":[
	 [54.64,0.2,0.085,0.001]
	,[20.77,0.13,0.291,0.004]
	,[5.25,0.05,0.254,0.004]
	,[2.143,0.025,0.285,0.003]
	,[0.611,0.013,0.051,0.001]
	,[0.276,0.006,0.034,0.001]]}
  ,"datasets":[
{"iDataset":0, "DatasetID":"41439003", "Pointer":" "
 ,"Subent":"41439003", "compiled":20150627
 ,"year1":2002, "author1ini":"V.M.", "author1":"Piksaikin"
 ,"zTarg1":92 ,"aTarg1":233, "targ1":"U-233", "proj1":"n", "emis1":"F", "prod1":"", "MF":0, "MT":0
 ,"nExpectedArgs":2 ,"IndepVarFamilyCode":"0 2   6", "yFormula":"y=DATA(SpE,HL)"
 ,"ReactionType":"Ratio", "quant":"NU", "quantExpan":"Ratio of [Delayed neutron yield for given half-life group]"
 ,"reacode":"(92-U-233(N,F),DL/GRP,NU)/(92-U-233(N,F),DL,NU)"
 ,"compNotes":[]
 ,"wx4data":5
 ,"lx4data":6
 ,"x4data":[
   {"ivar":0, "cvar":"y", "fam":"Data", "ifComm":false, "ifCM":false
    ,"header":"DATA", "units":"NO-DIM", "basicUnits":"NO-DIM"
    ,"what":"Y.Value", "dataType":"21", "rank":0.1
    ,"expansion":"Data: data"
    ,"dat0":[0.085,0.291,0.254,0.285,0.051,0.034]
   ,"dat1eq":true}
  ,{"ivar":1, "cvar":"dy", "fam":"Data", "ifComm":false, "ifCM":false
    ,"header":"DATA-ERR", "units":"NO-DIM", "basicUnits":"NO-DIM"
    ,"what":"Y.Err+-", "dataType":"21", "rank":0.911
    ,"expansion":"Data: data /Error/"
    ,"dat0":[0.001,0.004,0.004,0.003,0.001,0.001]
   ,"dat1eq":true}
  ,{"ivar":2, "cvar":"x1", "fam":"SpE", "ifComm":true , "ifCM":false
    ,"header":"EN-DUMMY", "units":"EV", "basicUnits":"EV"
    ,"what":"X1.Value", "dataType":"43", "rank":1.1
    ,"expansion":"Incident energy: spectrum energy"
    ,"com0":2.85
    ,"com1":2.85}
  ,{"ivar":3, "cvar":"x2", "fam":"HL", "ifComm":false, "ifCM":false
    ,"header":"HL", "units":"SEC", "basicUnits":"SEC"
    ,"what":"X2.Value", "dataType":"85", "rank":2.1
    ,"expansion":"Other variable: half-life"
    ,"dat0":[54.64,20.77,5.25,2.143,0.611,0.276]
   ,"dat1eq":true}
  ,{"ivar":4, "cvar":"dx2", "fam":"HL", "ifComm":false, "ifCM":false
    ,"header":"HL-ERR", "units":"SEC", "basicUnits":"SEC"
    ,"what":"X2.Err+-", "dataType":"85", "rank":2.911
    ,"expansion":"Other variable: half-life /Error/"
    ,"dat0":[0.2,0.13,0.05,0.025,0.013,0.006]
   ,"dat1eq":true}
  ]
 ,"wc5data":3
 ,"lc5data":6
 ,"c5data":{
    "y":{"icvar":0, "cvar":"y", "fam":"Data", "ifCM":false, "units":"NO-DIM"
      ,"header":"DATA", "dataType":"21", "rank":0.0
      ,"expansion":"Data: data"
      ,"y":[0.085,0.291,0.254,0.285,0.051,0.034]
      ,"dy":[0.001,0.004,0.004,0.003,0.001,0.001]   }
   ,"x1":{"icvar":1, "cvar":"x1", "fam":"SpE", "ifCM":false, "units":"EV"
      ,"header":"SpE", "dataType":"43", "rank":1.0
      ,"expansion":"Incident energy: spectrum energy"
      ,"x1":[2.85,2.85,2.85,2.85,2.85,2.85]
   }
   ,"x2":{"icvar":2, "cvar":"x2", "fam":"HL", "ifCM":false, "units":"SEC"
      ,"header":"HL", "dataType":"85", "rank":2.0
      ,"expansion":"Other variable: half-life"
      ,"x2":[54.64,20.77,5.25,2.143,0.611,0.276]
      ,"dx2":[0.2,0.13,0.05,0.025,0.013,0.006]   }
 }
}
   ]
   }
  ,{"SUBENT":"41439004", "isub":4, "compiled":20150627, "TransID":"4169", "TransDate":20150810
    ,"BIB":{
      "REACTION":[
	{"x4pointer":" "
	 ,"x4code":{"code":"(92-U-235(N,F),DL/GRP,NU)/(92-U-235(N,F),DL,NU)"
	    ,"c4reac":"((N,F)DL/GRP,NU)/((N,F)DL,NU)"
	    ,"combi":"a/a","combiQuant":"Ratio of [Delayed neutron yield for given half-life group]"
	    ,"Units":"NO-DIM"
	    ,"reacs": [
	    {"code":"92-U-235(N,F),DL/GRP,NU"
		,"Reac":"N,F"
		,"SF1":"92-U-235","Targ":{"code":"92-U-235","nam":"U-235","ZA":92235}
		,"SF2":"N","Proj":{"code":"N","nam":"n","ZA":1}
		,"SF3":"F","procHlp":"Fission"
		,"SF5":"DL/GRP"
		,"SF6":"NU"
		,"SF58":"DL/GRP,NU","Quant":"NU","BasicUnits":"PART/FIS","QuantHlp":"Delayed neutron yield for given half-life group"
	    }
	    ,{"code":"92-U-235(N,F),DL,NU"
		,"Reac":"N,F"
		,"SF1":"92-U-235","Targ":{"code":"92-U-235","nam":"U-235","ZA":92235}
		,"SF2":"N","Proj":{"code":"N","nam":"n","ZA":1}
		,"SF3":"F","procHlp":"Fission"
		,"SF5":"DL"
		,"SF6":"NU"
		,"SF58":"DL,NU","Quant":"NU","BasicUnits":"PART/FIS","QuantHlp":"Delayed neutron yield"
	    }]}
	,"x4freetext":["      6-Group Delayed Neutron Abundances"]
	}
      ]
     ,"ERR-ANALYS":[
	{"x4pointer":" "
	 ,"x4code":{"header":"DATA-ERR"
	     ,"headerHelp":"Error in value of quantity, defined under ERR-ANALYS"}
	,"x4freetext":["  Errors are not Specified"]
	}
      ]
     ,"COVARIANCE":[
	{"x4pointer":" "
	 ,"x4code":null
	,"x4freedata":[{"name": "41439004.COR (NO-DIM)"
	, "lx":12, "ly":12, "lz":144, "xm":1.0, "ym":1.0, "zm":1.0
	, "xunit":"N", "yunit":"N", "zunit":"NO-DIM"
	, "xname":"Correlated Parameters", "yname":"Correlated Parameters", "zname":"COR", "comment":""
	, "xarr":[ 1.0, 2.0, 3.0, 4.0, 5.0, 6.0, 7.0, 8.0, 9.0, 10.0, 11.0, 12.0]
	, "yarr":[ 1.0, 2.0, 3.0, 4.0, 5.0, 6.0, 7.0, 8.0, 9.0, 10.0, 11.0, 12.0]
	, "zarr":[
	   [  1.0,  0.0,  0.0,  0.0,  0.0,  0.0,  0.0,  0.0,  0.0,  0.0,  0.0,  0.0]
	  ,[  0.0,  1.0, 0.86, 0.43, 0.37, 0.16, 0.67, 0.13, 0.13, 0.09, 0.02, 0.01]
	  ,[  0.0, 0.86,  1.0, 0.24, 0.41,-0.14, 0.55,  0.1, 0.13, 0.08, 0.01, 0.01]
	  ,[  0.0, 0.43, 0.24,  1.0, 0.26, 0.68, 0.68, 0.18, 0.11, 0.08, 0.02, 0.01]
	  ,[  0.0, 0.37, 0.41, 0.26,  1.0,-0.38,-0.07,-0.59,-0.02, 0.01, 0.01,  0.0]
	  ,[  0.0, 0.16,-0.14, 0.68,-0.38,  1.0, 0.65, 0.36, 0.06, 0.05,  0.0,  0.0]
	  ,[  0.0, 0.67, 0.55, 0.68,-0.07, 0.65,  1.0, 0.24,-0.02, -0.1, 0.01,  0.0]
	  ,[  0.0, 0.13,  0.1, 0.18,-0.59, 0.36, 0.24,  1.0,  0.3, 0.22, 0.01, 0.03]
	  ,[  0.0, 0.13, 0.13, 0.11,-0.02, 0.06,-0.02,  0.3,  1.0,-0.01,-0.01,-0.02]
	  ,[  0.0, 0.09, 0.08, 0.08, 0.01, 0.05, -0.1, 0.22,-0.01,  1.0,  0.0,  0.0]
	  ,[  0.0, 0.02, 0.01, 0.02, 0.01,  0.0, 0.01, 0.01,-0.01,  0.0,  1.0,  0.0]
	  ,[  0.0, 0.01, 0.01, 0.01,  0.0,  0.0,  0.0, 0.03,-0.02,  0.0,  0.0,  1.0]]
	,"NlegHdr":"N Parameter"
	,"NlegN":["a1"
		,"T1"
		,"a2"
		,"T2"
		,"a3"
		,"T3"
		,"a4"
		,"T4"
		,"a5"
		,"T5"
		,"a6"
		,"T6"]}
      ,{"name": "41439004.COV (NO-DIM)"
	, "lx":12, "ly":12, "lz":144, "xm":1.0, "ym":1.0, "zm":1.0
	, "xunit":"N", "yunit":"N", "zunit":"NO-DIM"
	, "xname":"Correlated Parameters", "yname":"Correlated Parameters", "zname":"COV", "comment":""
	, "xarr":[ 1.0, 2.0, 3.0, 4.0, 5.0, 6.0, 7.0, 8.0, 9.0, 10.0, 11.0, 12.0]
	, "yarr":[ 1.0, 2.0, 3.0, 4.0, 5.0, 6.0, 7.0, 8.0, 9.0, 10.0, 11.0, 12.0]
	, "zarr":[
	   [5.1E-7,  0.0,  0.0,  0.0,  0.0,  0.0,  0.0,  0.0,  0.0,  0.0,  0.0,  0.0]
	  ,[  0.0,0.081,9.5E-4,0.016,4.6E-4,0.0037,9.8E-4,0.0012,1.6E-4,4.1E-4,4.2E-6,2.2E-5]
	  ,[  0.0,9.5E-4,0.0015,1.2E-4,6.9E-6,-4.4E-5,1.1E-5,1.2E-5,2.1E-6,5.0E-6,5.2E-8,3.0E-7]
	  ,[  0.0,0.016,1.2E-4,0.017,1.5E-4,0.0075,4.6E-4,7.8E-4,6.4E-5,1.8E-4,2.4E-6,7.4E-6]
	  ,[  0.0,4.6E-4,6.9E-6,1.5E-4,1.9E-5,-1.4E-4,-1.5E-6,-8.5E-5,-3.2E-7,4.1E-7,2.4E-8,-3.6E-8]
	  ,[  0.0,0.0037,-4.4E-5,0.0075,-1.4E-4,0.0069,2.8E-4,9.7E-4,2.1E-5,7.2E-5,3.0E-7,2.0E-6]
	  ,[  0.0,9.8E-4,1.1E-5,4.6E-4,-1.5E-6,2.8E-4,2.7E-5,4.1E-5,-3.7E-7,-8.5E-6,5.9E-8,2.5E-8]
	  ,[  0.0,0.0012,1.2E-5,7.8E-4,-8.5E-5,9.7E-4,4.1E-5,0.0011,4.2E-5,1.2E-4,4.4E-7,6.1E-6]
	  ,[  0.0,1.6E-4,2.1E-6,6.4E-5,-3.2E-7,2.1E-5,-3.7E-7,4.2E-5,1.8E-5,-7.8E-7,-3.9E-8,-4.2E-7]
	  ,[  0.0,4.1E-4,5.0E-6,1.8E-4,4.1E-7,7.2E-5,-8.5E-6,1.2E-4,-7.8E-7,2.9E-4,-9.2E-9,-4.2E-9]
	  ,[  0.0,4.2E-6,5.2E-8,2.4E-6,2.4E-8,3.0E-7,5.9E-8,4.4E-7,-3.9E-8,-9.2E-9,8.3E-7,1.5E-9]
	  ,[  0.0,2.2E-5,3.0E-7,7.4E-6,-3.6E-8,2.0E-6,2.5E-8,6.1E-6,-4.2E-7,-4.2E-9,1.5E-9,4.0E-5]]
	,"NlegHdr":"N Parameter"
	,"NlegN":["a1"
		,"T1"
		,"a2"
		,"T2"
		,"a3"
		,"T3"
		,"a4"
		,"T4"
		,"a5"
		,"T5"
		,"a6"
		,"T6"]}
      ]
	}
      ]
     ,"STATUS":[
	{"x4pointer":" "
	 ,"x4code":{"code":"TABLE"
		,"flag":"TABLE", "hlp":"Data presented by authors"
		}
	,"x4freetext":[" Data from Table 1 of J,AE,92,(2),135,2002."]
	}
	,{"x4pointer":" "
	 ,"x4code":{"code":"COREL,41419003"
		,"flag":"COREL", "hlp":"Data correlated with another data set"
		,"subent":"41419003"
		}
	,"x4freetext":[" In 41419 - 8-group delayed neutron"
		,"                 abundances ."]
	}
      ]
    }
    ,"COMMON":{"ncols":1, "nrows":1
      ,"x4headers":[
       {"icol":0, "header":"EN-DUMMY", "units":"EV", "pointer":" "
	,"headerHelp":"Dummy incident proj. energy, for broad spectrum", "pFlag":"1000000"
	,"unitsHelp":"electron-Volts","familyCode":"E","convFc":1.0,"basicUnits":"EV"}
      ]
      ,"datacols":[
	 ["EN-DUMMY"  ]
	,["EV"        ]
	,[" "         ]]
      ,"data":[
	 [2.85]]}
    ,"DATA":{"ncols":4, "nrows":6
      ,"x4headers":[
       {"icol":0, "header":"HL", "units":"SEC", "pointer":" "
	,"headerHelp":"Half-life of nuclide specified.", "pFlag":"1000000"
	,"unitsHelp":"seconds","familyCode":"TIME","convFc":1.0,"basicUnits":"SEC"}
      ,{"icol":1, "header":"HL-ERR", "units":"SEC", "pointer":" "
	,"headerHelp":"Error in Half-life", "pFlag":"9110000"
	,"unitsHelp":"seconds","familyCode":"TIME","convFc":1.0,"basicUnits":"SEC"}
      ,{"icol":2, "header":"DATA", "units":"NO-DIM", "pointer":" "
	,"headerHelp":"Value of quantity specified under REACTION", "pFlag":"0001000"
	,"unitsHelp":"no Dimensions","familyCode":"NO","convFc":1.0,"basicUnits":"NO-DIM"}
      ,{"icol":3, "header":"DATA-ERR", "units":"NO-DIM", "pointer":" "
	,"headerHelp":"Error in value of quantity, defined under ERR-ANALYS", "pFlag":"0009110"
	,"unitsHelp":"no Dimensions","familyCode":"NO","convFc":1.0,"basicUnits":"NO-DIM"}
      ]
      ,"datacols":[
	 ["HL"        ,"HL-ERR"    ,"DATA"      ,"DATA-ERR"  ]
	,["SEC"       ,"SEC"       ,"NO-DIM"    ,"NO-DIM"    ]
	,[" "         ," "         ," "         ," "         ]]
      ,"data":[
	 [53.95,0.28,0.038,0.001]
	,[22.34,0.13,0.211,0.004]
	,[6.4,0.08,0.197,0.004]
	,[2.26,0.03,0.396,0.005]
	,[0.494,0.017,0.132,0.004]
	,[0.179,0.006,0.026,0.001]]}
  ,"datasets":[
{"iDataset":0, "DatasetID":"41439004", "Pointer":" "
 ,"Subent":"41439004", "compiled":20150627, "x4status":"C"
 ,"year1":2002, "author1ini":"V.M.", "author1":"Piksaikin"
 ,"zTarg1":92 ,"aTarg1":235, "targ1":"U-235", "proj1":"n", "emis1":"F", "prod1":"", "MF":0, "MT":0
 ,"nExpectedArgs":2 ,"IndepVarFamilyCode":"0 2   6", "yFormula":"y=DATA(SpE,HL)"
 ,"ReactionType":"Ratio", "quant":"NU", "quantExpan":"Ratio of [Delayed neutron yield for given half-life group]"
 ,"reacode":"(92-U-235(N,F),DL/GRP,NU)/(92-U-235(N,F),DL,NU)"
 ,"compNotes":[]
 ,"wx4data":5
 ,"lx4data":6
 ,"x4data":[
   {"ivar":0, "cvar":"y", "fam":"Data", "ifComm":false, "ifCM":false
    ,"header":"DATA", "units":"NO-DIM", "basicUnits":"NO-DIM"
    ,"what":"Y.Value", "dataType":"21", "rank":0.1
    ,"expansion":"Data: data"
    ,"dat0":[0.038,0.211,0.197,0.396,0.132,0.026]
   ,"dat1eq":true}
  ,{"ivar":1, "cvar":"dy", "fam":"Data", "ifComm":false, "ifCM":false
    ,"header":"DATA-ERR", "units":"NO-DIM", "basicUnits":"NO-DIM"
    ,"what":"Y.Err+-", "dataType":"21", "rank":0.911
    ,"expansion":"Data: data /Error/"
    ,"dat0":[0.001,0.004,0.004,0.005,0.004,0.001]
   ,"dat1eq":true}
  ,{"ivar":2, "cvar":"x1", "fam":"SpE", "ifComm":true , "ifCM":false
    ,"header":"EN-DUMMY", "units":"EV", "basicUnits":"EV"
    ,"what":"X1.Value", "dataType":"43", "rank":1.1
    ,"expansion":"Incident energy: spectrum energy"
    ,"com0":2.85
    ,"com1":2.85}
  ,{"ivar":3, "cvar":"x2", "fam":"HL", "ifComm":false, "ifCM":false
    ,"header":"HL", "units":"SEC", "basicUnits":"SEC"
    ,"what":"X2.Value", "dataType":"85", "rank":2.1
    ,"expansion":"Other variable: half-life"
    ,"dat0":[53.95,22.34,6.4,2.26,0.494,0.179]
   ,"dat1eq":true}
  ,{"ivar":4, "cvar":"dx2", "fam":"HL", "ifComm":false, "ifCM":false
    ,"header":"HL-ERR", "units":"SEC", "basicUnits":"SEC"
    ,"what":"X2.Err+-", "dataType":"85", "rank":2.911
    ,"expansion":"Other variable: half-life /Error/"
    ,"dat0":[0.28,0.13,0.08,0.03,0.017,0.006]
   ,"dat1eq":true}
  ]
 ,"wc5data":3
 ,"lc5data":6
 ,"c5data":{
    "y":{"icvar":0, "cvar":"y", "fam":"Data", "ifCM":false, "units":"NO-DIM"
      ,"header":"DATA", "dataType":"21", "rank":0.0
      ,"expansion":"Data: data"
      ,"y":[0.038,0.211,0.197,0.396,0.132,0.026]
      ,"dy":[0.001,0.004,0.004,0.005,0.004,0.001]   }
   ,"x1":{"icvar":1, "cvar":"x1", "fam":"SpE", "ifCM":false, "units":"EV"
      ,"header":"SpE", "dataType":"43", "rank":1.0
      ,"expansion":"Incident energy: spectrum energy"
      ,"x1":[2.85,2.85,2.85,2.85,2.85,2.85]
   }
   ,"x2":{"icvar":2, "cvar":"x2", "fam":"HL", "ifCM":false, "units":"SEC"
      ,"header":"HL", "dataType":"85", "rank":2.0
      ,"expansion":"Other variable: half-life"
      ,"x2":[53.95,22.34,6.4,2.26,0.494,0.179]
      ,"dx2":[0.28,0.13,0.08,0.03,0.017,0.006]   }
 }
}
   ]
   }
  ,{"SUBENT":"41439005", "isub":5, "compiled":20131130, "TransID":"4162", "TransDate":20140214
    ,"BIB":{
      "REACTION":[
	{"x4pointer":" "
	 ,"x4code":{"code":"(92-U-233(N,F),DL/GRP,NU)/(92-U-233(N,F),DL,NU)"
	    ,"c4reac":"((N,F)DL/GRP,NU)/((N,F)DL,NU)"
	    ,"combi":"a/a","combiQuant":"Ratio of [Delayed neutron yield for given half-life group]"
	    ,"Units":"NO-DIM"
	    ,"reacs": [
	    {"code":"92-U-233(N,F),DL/GRP,NU"
		,"Reac":"N,F"
		,"SF1":"92-U-233","Targ":{"code":"92-U-233","nam":"U-233","ZA":92233}
		,"SF2":"N","Proj":{"code":"N","nam":"n","ZA":1}
		,"SF3":"F","procHlp":"Fission"
		,"SF5":"DL/GRP"
		,"SF6":"NU"
		,"SF58":"DL/GRP,NU","Quant":"NU","BasicUnits":"PART/FIS","QuantHlp":"Delayed neutron yield for given half-life group"
	    }
	    ,{"code":"92-U-233(N,F),DL,NU"
		,"Reac":"N,F"
		,"SF1":"92-U-233","Targ":{"code":"92-U-233","nam":"U-233","ZA":92233}
		,"SF2":"N","Proj":{"code":"N","nam":"n","ZA":1}
		,"SF3":"F","procHlp":"Fission"
		,"SF5":"DL"
		,"SF6":"NU"
		,"SF58":"DL,NU","Quant":"NU","BasicUnits":"PART/FIS","QuantHlp":"Delayed neutron yield"
	    }]}
	,"x4freetext":["      8-group delayed neutron relative abundances"]
	}
      ]
     ,"ANALYSIS":[
	{"x4pointer":" "
	 ,"x4code":null
	,"x4freetext":["  8-group model approximation."]
	}
      ]
     ,"ADD-RES":[
	{"x4pointer":" "
	 ,"x4code":null
	,"x4freetext":[" Average half-life of delayed neutron precursors:"
		,"     EN, eV           HL, sec"
		,"     2.85             12.65+-0.23"]
	}
      ]
     ,"ERR-ANALYS":[
	{"x4pointer":" "
	 ,"x4code":{"header":"DATA-ERR"
	     ,"headerHelp":"Error in value of quantity, defined under ERR-ANALYS"}
	,"x4freetext":["  Errors are not specified"]
	}
      ]
     ,"STATUS":[
	{"x4pointer":" "
	 ,"x4code":{"code":"TABLE"
		,"flag":"TABLE", "hlp":"Data presented by authors"
		}
	,"x4freetext":[" Table III of R,INDC(NDS)-0646,2013 Appendix."]
	}
	,{"x4pointer":" "
	 ,"x4code":{"code":"COREL,41528005"
		,"flag":"COREL", "hlp":"Data correlated with another data set"
		,"subent":"41528005"
		}
	,"x4freetext":[" Data for EN=0.34 - 4.72 MeV."]
	}
      ]
    }
    ,"COMMON":{"ncols":1, "nrows":1
      ,"x4headers":[
       {"icol":0, "header":"EN-DUMMY", "units":"EV", "pointer":" "
	,"headerHelp":"Dummy incident proj. energy, for broad spectrum", "pFlag":"1000000"
	,"unitsHelp":"electron-Volts","familyCode":"E","convFc":1.0,"basicUnits":"EV"}
      ]
      ,"datacols":[
	 ["EN-DUMMY"  ]
	,["EV"        ]
	,[" "         ]]
      ,"data":[
	 [2.85]]}
    ,"DATA":{"ncols":3, "nrows":8
      ,"x4headers":[
       {"icol":0, "header":"HL", "units":"SEC", "pointer":" "
	,"headerHelp":"Half-life of nuclide specified.", "pFlag":"1000000"
	,"unitsHelp":"seconds","familyCode":"TIME","convFc":1.0,"basicUnits":"SEC"}
      ,{"icol":1, "header":"DATA", "units":"NO-DIM", "pointer":" "
	,"headerHelp":"Value of quantity specified under REACTION", "pFlag":"0001000"
	,"unitsHelp":"no Dimensions","familyCode":"NO","convFc":1.0,"basicUnits":"NO-DIM"}
      ,{"icol":2, "header":"DATA-ERR", "units":"NO-DIM", "pointer":" "
	,"headerHelp":"Error in value of quantity, defined under ERR-ANALYS", "pFlag":"0009110"
	,"unitsHelp":"no Dimensions","familyCode":"NO","convFc":1.0,"basicUnits":"NO-DIM"}
      ]
      ,"datacols":[
	 ["HL"        ,"DATA"      ,"DATA-ERR"  ]
	,["SEC"       ,"NO-DIM"    ,"NO-DIM"    ]
	,[" "         ," "         ," "         ]]
      ,"data":[
	 [55.6,0.078,0.003]
	,[24.3,0.164,0.006]
	,[16.3,0.15,0.005]
	,[5.21,0.209,0.008]
	,[2.37,0.287,0.009]
	,[1.04,0.046,0.002]
	,[0.424,0.048,0.002]
	,[0.195,0.0173,9.0E-4]]}
  ,"datasets":[
{"iDataset":0, "DatasetID":"41439005", "Pointer":" "
 ,"Subent":"41439005", "compiled":20131130, "x4status":"C"
 ,"year1":2002, "author1ini":"V.M.", "author1":"Piksaikin"
 ,"zTarg1":92 ,"aTarg1":233, "targ1":"U-233", "proj1":"n", "emis1":"F", "prod1":"", "MF":0, "MT":0
 ,"nExpectedArgs":2 ,"IndepVarFamilyCode":"0 2   6", "yFormula":"y=DATA(SpE,HL)"
 ,"ReactionType":"Ratio", "quant":"NU", "quantExpan":"Ratio of [Delayed neutron yield for given half-life group]"
 ,"reacode":"(92-U-233(N,F),DL/GRP,NU)/(92-U-233(N,F),DL,NU)"
 ,"compNotes":[]
 ,"wx4data":4
 ,"lx4data":8
 ,"x4data":[
   {"ivar":0, "cvar":"y", "fam":"Data", "ifComm":false, "ifCM":false
    ,"header":"DATA", "units":"NO-DIM", "basicUnits":"NO-DIM"
    ,"what":"Y.Value", "dataType":"21", "rank":0.1
    ,"expansion":"Data: data"
    ,"dat0":[0.078,0.164,0.15,0.209,0.287,0.046,0.048,0.0173]
   ,"dat1eq":true}
  ,{"ivar":1, "cvar":"dy", "fam":"Data", "ifComm":false, "ifCM":false
    ,"header":"DATA-ERR", "units":"NO-DIM", "basicUnits":"NO-DIM"
    ,"what":"Y.Err+-", "dataType":"21", "rank":0.911
    ,"expansion":"Data: data /Error/"
    ,"dat0":[0.003,0.006,0.005,0.008,0.009,0.002,0.002,9.0e-4]
   ,"dat1eq":true}
  ,{"ivar":2, "cvar":"x1", "fam":"SpE", "ifComm":true , "ifCM":false
    ,"header":"EN-DUMMY", "units":"EV", "basicUnits":"EV"
    ,"what":"X1.Value", "dataType":"43", "rank":1.1
    ,"expansion":"Incident energy: spectrum energy"
    ,"com0":2.85
    ,"com1":2.85}
